7
2.84497e-08,8.54729e-08,3.89936e-08,3.89936e-08,3.01561e-08,4.7938e-08,3.01561e-08
-86.6288,-106.024,-100.167,-100.067,-94.0347,-100.431,-94.0347
0,3.14159,3.14159,3.14159,3.14159,3.14159,3.14159
90,90,90,90,109.366,90,70.6336
45.3323,283.532,31.2578,148.742,45.3323,65.3417,45.3323
90,90,90,90,109.366,90,70.6336
225.332,256.468,328.742,211.258,225.332,114.658,225.332
7
2.81198e-08,8.59266e-08,3.87535e-08,3.87535e-08,2.9845e-08,4.75143e-08,2.9845e-08
-86.5275,-106.07,-100.113,-100.013,-93.9446,-100.354,-93.9446
0,3.14159,3.14159,3.14159,3.14159,3.14159,3.14159
90,90,90,90,109.576,90,70.4235
44.6638,283.459,30.6679,149.332,44.6638,65.1069,44.6638
90,90,90,90,109.576,90,70.4235
224.664,256.541,329.332,210.668,224.664,114.893,224.664
7
2.81643e-08,8.53783e-08,3.93431e-08,3.86452e-08,2.98869e-08,4.77692e-08,2.98869e-08
-86.5412,-106.014,-100.245,-99.9891,-93.9568,-100.4,-93.9568
0,3.14159,3.14159,3.14159,3.14159,3.14159,3.14159
90,90,90,90,109.548,90,70.4521
45.9228,283.266,30.9493,148.428,45.9228,65.7867,45.9228
90,90,90,90,109.548,90,70.4521
225.923,256.734,329.051,211.572,225.923,114.213,225.923
7
2.78309e-08,8.58326e-08,3.91051e-08,3.8403e-08,2.9573e-08,4.7344e-08,2.9573e-08
-86.4378,-106.06,-100.192,-99.9345,-93.8651,-100.323,-93.8651
0,3.14159,3.14159,3.14159,3.14159,3.14159,3.14159
90,90,90,90,109.764,90,70.236
45.2545,283.194,30.3629,149.021,45.2545,65.555,45.2545
90,90,90,90,109.764,90,70.236
225.255,256.806,329.637,210.979,225.255,114.445,225.255
7
2.78819e-08,8.52855e-08,3.96937e-08,3.82981e-08,2.9621e-08,4.76032e-08,2.9621e-08
-86.4537,-106.005,-100.322,-99.9108,-93.8792,-100.37,-93.8792
0,3.14159,3.14159,3.14159,3.14159,3.14159,3.14159
90,90,90,90,109.731,90,70.2694
46.5254,282.999,30.6463,148.109,46.5254,66.2347,46.5254
90,90,90,90,109.731,90,70.2694
226.525,257.001,329.354,211.891,226.525,113.765,226.525
7
2.75451e-08,8.57403e-08,3.94578e-08,3.80536e-08,2.93042e-08,4.71765e-08,2.93042e-08
-86.3481,-106.051,-100.27,-99.8551,-93.7858,-100.292,-93.7858
0,3.14159,3.14159,3.14159,3.14159,3.14159,3.14159
90,90,90,90,109.953,90,70.0471
45.8575,282.929,30.0633,148.705,45.8575,66.0063,45.8575
90,90,90,90,109.953,90,70.0471
225.858,257.071,329.937,211.295,225.858,113.994,225.858
7
2.76027e-08,8.51947e-08,4.00454e-08,3.79521e-08,2.93583e-08,4.74402e-08,2.93583e-08
-86.3662,-105.995,-100.398,-99.8319,-93.8018,-100.34,-93.8018
0,3.14159,3.14159,3.14159,3.14159,3.14159,3.14159
90,90,90,90,109.915,90,70.0854
47.1402,282.732,30.3486,147.783,47.1402,66.6859,47.1402
90,90,90,90,109.915,90,70.0854
227.14,257.268,329.651,212.217,227.14,113.314,227.14
7
2.72624e-08,8.56499e-08,3.98116e-08,3.77054e-08,2.90386e-08,4.7012e-08,2.90386e-08
-86.2585,-106.042,-100.347,-99.7753,-93.7067,-100.261,-93.7067
0,3.14159,3.14159,3.14159,3.14159,3.14159,3.14159
90,90,90,90,110.143,90,69.8567
46.4731,282.663,29.769,148.383,46.4731,66.4608,46.4731
90,90,90,90,110.143,90,69.8567
226.473,257.337,330.231,211.617,226.473,113.539,226.473
7
2.73267e-08,8.51056e-08,4.03981e-08,3.76075e-08,2.90989e-08,4.72802e-08,2.90989e-08
-86.279,-105.986,-100.474,-99.7527,-93.7248,-100.311,-93.7248
0,3.14159,3.14159,3.14159,3.14159,3.14159,3.14159
90,90,90,90,110.1,90,69.9003
47.7676,282.464,30.0561,147.451,47.7676,67.1401,47.7676
90,90,90,90,110.1,90,69.9003
227.768,257.536,329.944,212.549,227.768,112.86,227.768
7
2.6983e-08,8.55614e-08,4.01664e-08,3.73585e-08,2.87764e-08,4.68505e-08,2.87764e-08
-86.169,-106.033,-100.424,-99.695,-93.6279,-100.232,-93.6279
0,3.14159,3.14159,3.14159,3.14159,3.14159,3.14159
90,90,90,90,110.335,90,69.6651
47.1015,282.396,29.48,148.055,47.1015,66.9184,47.1015
90,90,90,90,110.335,90,69.6651
227.102,257.604,330.52,211.945,227.102,113.082,227.102
7
2.7054e-08,8.50185e-08,4.07519e-08,3.7264e-08,2.8843e-08,4.71231e-08,2.8843e-08
-86.1919,-105.977,-100.55,-99.673,-93.648,-100.282,-93.648
0,3.14159,3.14159,3.14159,3.14159,3.14159,3.14159
90,90,90,90,110.286,90,69.7141
48.4076,282.195,29.7687,147.114,48.4076,67.5974,48.4076
90,90,90,90,110.286,90,69.7141
228.408,257.805,330.231,212.886,228.408,112.403,228.408
7
2.67068e-08,8.54747e-08,4.05222e-08,3.70127e-08,2.85176e-08,4.6692e-08,2.85176e-08
-86.0797,-106.024,-100.501,-99.6142,-93.5495,-100.202,-93.5495
0,3.14159,3.14159,3.14159,3.14159,3.14159,3.14159
90,90,90,90,110.528,90,69.4723
47.743,282.129,29.196,147.72,47.743,67.3792,47.743
90,90,90,90,110.528,90,69.4723
227.743,257.871,330.804,212.28,227.743,112.621,227.743
7
2.67848e-08,8.49332e-08,4.11067e-08,3.6922e-08,2.85907e-08,4.69691e-08,2.85907e-08
-86.105,-105.969,-100.625,-99.5929,-93.5717,-100.253,-93.5717
0,3.14159,3.14159,3.14159,3.14159,3.14159,3.14159
90,90,90,90,110.473,90,69.5271
49.0606,281.926,29.4863,146.77,49.0606,68.0577,49.0606
90,90,90,90,110.473,90,69.5271
229.061,258.074,330.514,213.23,229.061,111.942,229.061
7
2.64341e-08,8.53898e-08,4.0879e-08,3.66683e-08,2.82623e-08,4.65365e-08,2.82623e-08
-85.9905,-106.015,-100.577,-99.533,-93.4714,-100.173,-93.4714
0,3.14159,3.14159,3.14159,3.14159,3.14159,3.14159
90,90,90,90,110.722,90,69.2784
48.3978,281.861,28.9169,147.38,48.3978,67.843,48.3978
90,90,90,90,110.722,90,69.2784
228.398,258.139,331.083,212.62,228.398,112.157,228.398
7
2.65192e-08,8.48498e-08,4.14625e-08,3.65812e-08,2.83419e-08,4.68181e-08,2.83419e-08
-86.0184,-105.96,-100.7,-99.5124,-93.4958,-100.225,-93.4958
0,3.14159,3.14159,3.14159,3.14159,3.14159,3.14159
90,90,90,90,110.661,90,69.3392
49.7268,281.656,29.2086,146.42,49.7268,68.5211,49.7268
90,90,90,90,110.661,90,69.3392
229.727,258.344,330.791,213.58,229.727,111.479,229.727
7
2.61648e-08,8.53069e-08,4.12368e-08,3.63252e-08,2.80107e-08,4.63841e-08,2.80107e-08
-85.9016,-106.007,-100.653,-99.4514,-93.3937,-100.145,-93.3937
0,3.14159,3.14159,3.14159,3.14159,3.14159,3.14159
90,90,90,90,110.916,90,69.0835
49.0662,281.593,28.6427,147.033,49.0662,68.31,49.0662
90,90,90,90,110.916,90,69.0835
229.066,258.407,331.357,212.967,229.066,111.69,229.066
7
2.62571e-08,8.47683e-08,4.18192e-08,3.62419e-08,2.80969e-08,4.66702e-08,2.80969e-08
-85.9322,-105.952,-100.775,-99.4314,-93.4204,-100.198,-93.4204
0,3.14159,3.14159,3.14159,3.14159,3.14159,3.14159
90,90,90,90,110.849,90,69.1507
50.4063,281.386,28.9357,146.063,50.4063,68.9874,50.4063
90,90,90,90,110.849,90,69.1507
230.406,258.614,331.064,213.937,230.406,111.013,230.406
7
2.58992e-08,8.52258e-08,4.15955e-08,3.59834e-08,2.77628e-08,4.62348e-08,2.77628e-08
-85.813,-105.999,-100.728,-99.3693,-93.3165,-100.117,-93.3165
0,3.14159,3.14159,3.14159,3.14159,3.14159,3.14159
90,90,90,90,111.112,90,68.8878
49.7484,281.324,28.3732,146.679,49.7484,68.78,49.7484
90,90,90,90,111.112,90,68.8878
229.748,258.676,331.627,213.321,229.748,111.22,229.748
7
2.59989e-08,8.46886e-08,4.21769e-08,3.5904e-08,2.78558e-08,4.65254e-08,2.78558e-08
-85.8463,-105.944,-100.849,-99.3501,-93.3455,-100.171,-93.3455
0,3.14159,3.14159,3.14159,3.14159,3.14159,3.14159
90,90,90,90,111.038,90,68.9617
51.0995,281.115,28.6675,145.699,51.0995,69.4566,51.0995
90,90,90,90,111.038,90,68.9617
231.1,258.885,331.333,214.301,231.1,110.543,231.1
7
2.56374e-08,8.51466e-08,4.1955e-08,3.56431e-08,2.75187e-08,4.60887e-08,2.75187e-08
-85.7247,-105.991,-100.803,-99.2867,-93.2398,-100.089,-93.2398
0,3.14159,3.14159,3.14159,3.14159,3.14159,3.14159
90,90,90,90,111.309,90,68.6915
50.4446,281.055,28.1083,146.319,50.4446,69.253,50.4446
90,90,90,90,111.309,90,68.6915
230.445,258.945,331.892,213.681,230.445,110.747,230.445
7
2.57446e-08,8.46109e-08,4.25355e-08,3.55675e-08,2.76185e-08,4.63837e-08,2.76185e-08
-85.7609,-105.936,-100.922,-99.2683,-93.2712,-100.145,-93.2712
0,3.14159,3.14159,3.14159,3.14159,3.14159,3.14159
90,90,90,90,111.228,90,68.7723
51.8065,280.844,28.4037,145.328,51.8065,69.9287,51.8065
90,90,90,90,111.228,90,68.7723
231.806,259.156,331.596,214.672,231.806,110.071,231.806
7
2.53794e-08,8.50693e-08,4.23155e-08,3.53042e-08,2.72785e-08,4.59457e-08,2.72785e-08
-85.6369,-105.983,-100.877,-99.2037,-93.1636,-100.062,-93.1636
0,3.14159,3.14159,3.14159,3.14159,3.14159,3.14159
90,90,90,90,111.505,90,68.4946
51.155,280.785,27.8479,145.951,51.155,69.729,51.155
90,90,90,90,111.505,90,68.4946
231.155,259.215,332.152,214.049,231.155,110.271,231.155
7
2.54942e-08,8.45351e-08,4.2895e-08,3.52326e-08,2.73853e-08,4.62452e-08,2.73853e-08
-85.676,-105.928,-100.995,-99.1861,-93.1976,-100.119,-93.1976
0,3.14159,3.14159,3.14159,3.14159,3.14159,3.14159
90,90,90,90,111.417,90,68.5826
52.5274,280.572,28.1444,144.951,52.5274,70.4037,52.5274
90,90,90,90,111.417,90,68.5826
232.527,259.428,331.856,215.049,232.527,109.596,232.527
7
2.51254e-08,8.49938e-08,4.26768e-08,3.49667e-08,2.70423e-08,4.58059e-08,2.70423e-08
-85.5495,-105.975,-100.951,-99.1203,-93.0881,-100.036,-93.0881
0,3.14159,3.14159,3.14159,3.14159,3.14159,3.14159
90,90,90,90,111.703,90,68.2973
51.88,280.515,27.5919,145.577,51.88,70.2079,51.88
90,90,90,90,111.703,90,68.2973
231.88,259.485,332.408,214.423,231.88,109.792,231.88
7
2.5248e-08,8.44611e-08,4.32553e-08,3.48993e-08,2.71562e-08,4.61099e-08,2.71562e-08
-85.5917,-105.92,-101.068,-99.1035,-93.1246,-100.093,-93.1246
0,3.14159,3.14159,3.14159,3.14159,3.14159,3.14159
90,90,90,90,111.607,90,68.3929
53.2626,280.3,27.8894,144.566,53.2626,70.8815,53.2626
90,90,90,90,111.607,90,68.3929
233.263,259.7,332.111,215.434,233.263,109.118,233.263
7
2.48755e-08,8.49203e-08,4.3039e-08,3.46308e-08,2.68103e-08,4.56693e-08,2.68103e-08
-85.4627,-105.967,-101.024,-99.0365,-93.0133,-100.01,-93.0133
0,3.14159,3.14159,3.14159,3.14159,3.14159,3.14159
90,90,90,90,111.9,90,68.0998
52.6196,280.244,27.3403,145.195,52.6196,70.6898,52.6196
90,90,90,90,111.9,90,68.0998
232.62,259.756,332.66,214.805,232.62,109.31,232.62
7
2.5006e-08,8.43891e-08,4.36165e-08,3.45675e-08,2.69314e-08,4.59779e-08,2.69314e-08
-85.5081,-105.913,-101.14,-99.0206,-93.0524,-100.068,-93.0524
0,3.14159,3.14159,3.14159,3.14159,3.14159,3.14159
90,90,90,90,111.797,90,68.2033
54.012,280.027,27.6385,144.174,54.012,71.3621,54.012
90,90,90,90,111.797,90,68.2033
234.012,259.973,332.361,215.826,234.012,108.638,234.012
7
2.46299e-08,8.48487e-08,4.34019e-08,3.42964e-08,2.65825e-08,4.55359e-08,2.65825e-08
-85.3765,-105.96,-101.097,-98.9522,-92.9392,-99.9843,-92.9392
0,3.14159,3.14159,3.14159,3.14159,3.14159,3.14159
90,90,90,90,112.098,90,67.9023
53.3741,279.973,27.0928,144.806,53.3741,71.1745,53.3741
90,90,90,90,112.098,90,67.9023
233.374,260.027,332.907,215.194,233.374,108.826,233.374
7
2.47683e-08,8.4319e-08,4.39785e-08,3.42374e-08,2.67108e-08,4.58491e-08,2.67108e-08
-85.4252,-105.906,-101.212,-98.9372,-92.981,-100.044,-92.981
0,3.14159,3.14159,3.14159,3.14159,3.14159,3.14159
90,90,90,90,111.986,90,68.014
54.7761,279.754,27.3919,143.774,54.7761,71.8454,54.7761
90,90,90,90,111.986,90,68.014
234.776,260.246,332.608,216.226,234.776,108.155,234.776
7
2.43886e-08,8.47789e-08,4.37657e-08,3.39637e-08,2.63591e-08,4.54059e-08,2.63591e-08
-85.291,-105.953,-101.17,-98.8675,-92.8658,-99.9595,-92.8658
0,3.14159,3.14159,3.14159,3.14159,3.14159,3.14159
90,90,90,90,112.295,90,67.705
54.1437,279.701,26.8494,144.409,54.1437,71.662,54.1437
90,90,90,90,112.295,90,67.705
234.144,260.299,333.151,215.591,234.144,108.338,234.144
7
2.45352e-08,8.42508e-08,4.43413e-08,3.3909e-08,2.64948e-08,4.57235e-08,2.64948e-08
-85.343,-105.899,-101.283,-98.8535,-92.9104,-100.02,-92.9104
0,3.14159,3.14159,3.14159,3.14159,3.14159,3.14159
90,90,90,90,112.175,90,67.8253
55.5547,279.481,27.1492,143.366,55.5547,72.3315,55.5547
90,90,90,90,112.175,90,67.8253
235.555,260.519,332.851,216.634,235.555,107.669,235.555
7
2.41518e-08,8.47111e-08,4.41303e-08,3.36326e-08,2.61402e-08,4.52791e-08,2.61402e-08
-85.2062,-105.946,-101.242,-98.7824,-92.7934,-99.9352,-92.7934
0,3.14159,3.14159,3.14159,3.14159,3.14159,3.14159
90,90,90,90,112.492,90,67.5081
54.9285,279.429,26.6101,144.004,54.9285,72.1522,54.9285
90,90,90,90,112.492,90,67.5081
234.929,260.571,333.39,215.996,234.929,107.848,234.929
7
2.43066e-08,8.41845e-08,4.47048e-08,3.35823e-08,2.62833e-08,4.56013e-08,2.62833e-08
-85.2617,-105.892,-101.354,-98.7694,-92.8408,-99.9968,-92.8408
0,3.14159,3.14159,3.14159,3.14159,3.14159,3.14159
90,90,90,90,112.363,90,67.6372
56.3482,279.207,26.9105,142.951,56.3482,72.8201,56.3482
90,90,90,90,112.363,90,67.6372
236.348,260.793,333.089,217.049,236.348,107.18,236.348
7
2.39196e-08,8.46452e-08,4.44956e-08,3.33033e-08,2.59258e-08,4.51557e-08,2.59258e-08
-85.1223,-105.939,-101.314,-98.697,-92.7219,-99.9115,-92.7219
0,3.14159,3.14159,3.14159,3.14159,3.14159,3.14159
90,90,90,90,112.688,90,67.3118
55.7287,279.156,26.3747,143.592,55.7287,72.6452,55.7287
90,90,90,90,112.688,90,67.3118
235.729,260.844,333.625,216.408,235.729,107.355,235.729
7
2.40828e-08,8.41202e-08,4.50692e-08,3.32575e-08,2.60765e-08,4.54824e-08,2.60765e-08
-85.1814,-105.885,-101.425,-98.685,-92.7722,-99.9741,-92.7722
0,3.14159,3.14159,3.14159,3.14159,3.14159,3.14159
90,90,90,90,112.55,90,67.4501
57.1565,278.932,26.6757,142.527,57.1565,73.3113,57.1565
90,90,90,90,112.55,90,67.4501
237.157,261.068,333.324,217.473,237.157,106.689,237.157
7
2.36921e-08,8.45812e-08,4.48616e-08,3.29757e-08,2.57161e-08,4.50356e-08,2.57161e-08
-85.0393,-105.933,-101.385,-98.6111,-92.6513,-99.8883,-92.6513
0,3.14159,3.14159,3.14159,3.14159,3.14159,3.14159
90,90,90,90,112.884,90,67.1163
56.5445,278.883,26.1431,143.171,56.5445,73.1408,56.5445
90,90,90,90,112.884,90,67.1163
236.544,261.117,333.857,216.829,236.544,106.859,236.544
7
2.38639e-08,8.40578e-08,4.54343e-08,3.29345e-08,2.58745e-08,4.53669e-08,2.58745e-08
-85.1021,-105.879,-101.495,-98.6002,-92.7046,-99.952,-92.7046
0,3.14159,3.14159,3.14159,3.14159,3.14159,3.14159
90,90,90,90,112.736,90,67.2643
57.9799,278.658,26.4446,142.095,57.9799,73.8051,57.9799
90,90,90,90,112.736,90,67.2643
237.98,261.342,333.555,217.905,237.98,106.195,237.98
7
2.34696e-08,8.45192e-08,4.52284e-08,3.26499e-08,2.55112e-08,4.49189e-08,2.55112e-08
-84.9573,-105.926,-101.455,-98.5249,-92.5818,-99.8658,-92.5818
0,3.14159,3.14159,3.14159,3.14159,3.14159,3.14159
90,90,90,90,113.078,90,66.9219
57.3758,278.61,25.9153,142.741,57.3758,73.6391,57.3758
90,90,90,90,113.078,90,66.9219
237.376,261.39,334.085,217.259,237.376,106.361,237.376
7
2.36501e-08,8.39973e-08,4.58001e-08,3.26134e-08,2.56773e-08,4.52547e-08,2.56773e-08
-85.0239,-105.873,-101.565,-98.5151,-92.6382,-99.9305,-92.6382
0,3.14159,3.14159,3.14159,3.14159,3.14159,3.14159
90,90,90,90,112.92,90,67.0798
58.8183,278.382,26.2172,141.655,58.8183,74.3014,58.8183
90,90,90,90,112.92,90,67.0798
238.818,261.618,333.783,218.345,238.818,105.699,238.818
7
2.32521e-08,8.4459e-08,4.55958e-08,3.23259e-08,2.53112e-08,4.48057e-08,2.53112e-08
-84.8765,-105.92,-101.526,-98.4382,-92.5135,-99.8439,-92.5135
0,3.14159,3.14159,3.14159,3.14159,3.14159,3.14159
90,90,90,90,113.271,90,66.7289
58.2229,278.336,25.6911,142.303,58.2229,74.1399,58.2229
90,90,90,90,113.271,90,66.7289
238.223,261.664,334.309,217.697,238.223,105.86,238.223
7
2.34413e-08,8.39388e-08,4.61666e-08,3.22943e-08,2.54852e-08,4.5146e-08,2.54852e-08
-84.9469,-105.866,-101.634,-98.4297,-92.573,-99.9096,-92.573
0,3.14159,3.14159,3.14159,3.14159,3.14159,3.14159
90,90,90,90,113.103,90,66.8971
59.6719,278.107,25.9934,141.205,59.6719,74.8001,59.6719
90,90,90,90,113.103,90,66.8971
239.672,261.893,334.007,218.795,239.672,105.2,239.672
7
2.30397e-08,8.44008e-08,4.5964e-08,3.2004e-08,2.51163e-08,4.46958e-08,2.51163e-08
-84.7968,-105.914,-101.596,-98.3513,-92.4463,-99.8226,-92.4463
0,3.14159,3.14159,3.14159,3.14159,3.14159,3.14159
90,90,90,90,113.462,90,66.5376
59.0859,278.062,25.4705,141.857,59.0859,74.6432,59.0859
90,90,90,90,113.462,90,66.5376
239.086,261.938,334.529,218.143,239.086,105.357,239.086
7
2.32379e-08,8.38822e-08,4.65338e-08,3.19772e-08,2.52982e-08,4.50407e-08,2.52982e-08
-84.8712,-105.861,-101.703,-98.344,-92.509,-99.8893,-92.509
0,3.14159,3.14159,3.14159,3.14159,3.14159,3.14159
90,90,90,90,113.284,90,66.7163
60.5406,277.831,25.7732,140.747,60.5406,75.3011,60.5406
90,90,90,90,113.284,90,66.7163
240.541,262.169,334.227,219.253,240.541,104.699,240.541
7
2.28327e-08,8.43445e-08,4.63328e-08,3.1684e-08,2.49266e-08,4.45895e-08,2.49266e-08
-84.7184,-105.908,-101.665,-98.264,-92.3805,-99.8019,-92.3805
0,3.14159,3.14159,3.14159,3.14159,3.14159,3.14159
90,90,90,90,113.652,90,66.3481
59.9646,277.787,25.2535,141.401,59.9646,75.149,59.9646
90,90,90,90,113.652,90,66.3481
239.965,262.213,334.747,218.599,239.965,104.851,239.965
7
2.30399e-08,8.38276e-08,4.69017e-08,3.16622e-08,2.51165e-08,4.49389e-08,2.51165e-08
-84.7968,-105.855,-101.771,-98.258,-92.4464,-99.8697,-92.4464
0,3.14159,3.14159,3.14159,3.14159,3.14159,3.14159
90,90,90,90,113.462,90,66.5377
61.4244,277.554,25.5563,140.28,61.4244,75.8045,61.4244
90,90,90,90,113.462,90,66.5377
241.424,262.446,334.444,219.72,241.424,104.195,241.424
7
2.26312e-08,8.42902e-08,4.67023e-08,3.1366e-08,2.47421e-08,4.44866e-08,2.47421e-08
-84.6414,-105.903,-101.734,-98.1764,-92.3159,-99.7818,-92.3159
0,3.14159,3.14159,3.14159,3.14159,3.14159,3.14159
90,90,90,90,113.839,90,66.1609
60.8592,277.513,25.0398,140.936,60.8592,75.6571,60.8592
90,90,90,90,113.839,90,66.1609
240.859,262.487,334.96,219.064,240.859,104.343,240.859
7
2.28475e-08,8.37749e-08,4.72703e-08,3.13493e-08,2.49401e-08,4.48405e-08,2.49401e-08
-84.724,-105.849,-101.839,-98.1718,-92.3852,-99.8506,-92.3852
0,3.14159,3.14159,3.14159,3.14159,3.14159,3.14159
90,90,90,90,113.638,90,66.3617
62.3233,277.278,25.3429,139.803,62.3233,76.3101,62.3233
90,90,90,90,113.638,90,66.3617
242.323,262.722,334.657,220.197,242.323,103.69,242.323
7
2.24353e-08,8.42378e-08,4.70724e-08,3.10502e-08,2.4563e-08,4.43873e-08,2.4563e-08
-84.5658,-105.897,-101.803,-98.0885,-92.2528,-99.7624,-92.2528
0,3.14159,3.14159,3.14159,3.14159,3.14159,3.14159
90,90,90,90,114.024,90,65.9762
61.7697,277.237,24.8296,140.461,61.7697,76.1676,61.7697
90,90,90,90,114.024,90,65.9762
241.77,262.763,335.17,219.539,241.77,103.832,241.77
7
2.26608e-08,8.37241e-08,4.76395e-08,3.10386e-08,2.47692e-08,4.47457e-08,2.47692e-08
-84.6527,-105.844,-101.907,-98.0853,-92.3254,-99.8322,-92.3254
0,3.14159,3.14159,3.14159,3.14159,3.14159,3.14159
90,90,90,90,113.811,90,66.1886
63.2373,277,25.1328,139.317,63.2373,76.8179,63.2373
90,90,90,90,113.811,90,66.1886
243.237,263,334.867,220.683,243.237,103.182,243.237
7
2.22451e-08,8.41874e-08,4.74432e-08,3.07365e-08,2.43894e-08,4.42915e-08,2.43894e-08
-84.4919,-105.892,-101.871,-98.0003,-92.1913,-99.7436,-92.1913
0,3.14159,3.14159,3.14159,3.14159,3.14159,3.14159
90,90,90,90,114.206,90,65.7943
62.696,276.962,24.6226,139.977,62.696,76.6803,62.696
90,90,90,90,114.206,90,65.7943
242.696,263.038,335.377,220.023,242.696,103.32,242.696
7
2.24799e-08,8.36754e-08,4.80093e-08,3.07303e-08,2.46038e-08,4.46544e-08,2.46038e-08
-84.5831,-105.839,-101.974,-97.9986,-92.2673,-99.8145,-92.2673
0,3.14159,3.14159,3.14159,3.14159,3.14159,3.14159
90,90,90,90,113.981,90,66.0185
64.1662,276.723,24.9259,138.821,64.1662,77.3279,64.1662
90,90,90,90,113.981,90,66.0185
244.166,263.277,335.074,221.179,244.166,102.672,244.166
7
2.20609e-08,8.41389e-08,4.78145e-08,3.0425e-08,2.42215e-08,4.41992e-08,2.42215e-08
-84.4197,-105.887,-101.938,-97.9118,-92.1312,-99.7255,-92.1312
0,3.14159,3.14159,3.14159,3.14159,3.14159,3.14159
90,90,90,90,114.384,90,65.6156
63.638,276.686,24.4188,139.482,63.638,77.1951,63.638
90,90,90,90,114.384,90,65.6156
243.638,263.314,335.581,220.518,243.638,102.805,243.638
7
2.23051e-08,8.36286e-08,4.83798e-08,3.04243e-08,2.44442e-08,4.45666e-08,2.44442e-08
-84.5153,-105.834,-102.04,-97.9116,-92.2107,-99.7974,-92.2107
0,3.14159,3.14159,3.14159,3.14159,3.14159,3.14159
90,90,90,90,114.148,90,65.852
65.1099,276.445,24.7222,138.315,65.1099,77.8398,65.1099
90,90,90,90,114.148,90,65.852
245.11,263.555,335.278,221.685,245.11,102.16,245.11
7
2.18827e-08,8.40923e-08,4.81865e-08,3.01159e-08,2.40593e-08,4.41105e-08,2.40593e-08
-84.3492,-105.882,-102.006,-97.8231,-92.0729,-99.7081,-92.0729
0,3.14159,3.14159,3.14159,3.14159,3.14159,3.14159
90,90,90,90,114.56,90,65.4404
64.5956,276.41,24.2182,138.978,64.5956,77.7121,64.5956
90,90,90,90,114.56,90,65.4404
244.596,263.59,335.782,221.022,244.596,102.288,244.596
7
2.21364e-08,8.35837e-08,4.87508e-08,3.01207e-08,2.42903e-08,4.44824e-08,2.42903e-08
-84.4494,-105.83,-102.107,-97.8245,-92.1559,-99.781,-92.1559
0,3.14159,3.14159,3.14159,3.14159,3.14159,3.14159
90,90,90,90,114.311,90,65.6892
66.0683,276.167,24.5216,137.798,66.0683,78.3538,66.0683
90,90,90,90,114.311,90,65.6892
246.068,263.833,335.478,222.202,246.068,101.646,246.068
7
2.17107e-08,8.40477e-08,4.8559e-08,2.98092e-08,2.3903e-08,4.40255e-08,2.3903e-08
-84.2807,-105.878,-102.073,-97.7342,-92.0163,-99.6913,-92.0163
0,3.14159,3.14159,3.14159,3.14159,3.14159,3.14159
90,90,90,90,114.731,90,65.2691
65.5687,276.133,24.0206,138.463,65.5687,78.2312,65.5687
90,90,90,90,114.731,90,65.2691
245.569,263.867,335.979,221.537,245.569,101.769,245.569
7
2.1974e-08,8.35409e-08,4.91225e-08,2.98196e-08,2.41424e-08,4.44018e-08,2.41424e-08
-84.3854,-105.825,-102.173,-97.7372,-92.1028,-99.7652,-92.1028
0,3.14159,3.14159,3.14159,3.14159,3.14159,3.14159
90,90,90,90,114.469,90,65.5305
67.0411,275.889,24.324,137.271,67.0411,78.8696,67.0411
90,90,90,90,114.469,90,65.5305
247.041,264.111,335.676,222.729,247.041,101.13,247.041
7
2.15451e-08,8.40051e-08,4.89321e-08,2.95049e-08,2.37527e-08,4.3944e-08,2.37527e-08
-84.2142,-105.873,-102.139,-97.6451,-91.9615,-99.6752,-91.9615
0,3.14159,3.14159,3.14159,3.14159,3.14159,3.14159
90,90,90,90,114.898,90,65.102
66.557,275.856,23.826,137.937,66.557,78.7522,66.557
90,90,90,90,114.898,90,65.102
246.557,264.144,336.174,222.063,246.557,101.248,246.557
7
2.1818e-08,8.35e-08,4.94947e-08,2.9521e-08,2.40006e-08,4.43249e-08,2.40006e-08
-84.3235,-105.821,-102.238,-97.6499,-92.0516,-99.7502,-92.0516
0,3.14159,3.14159,3.14159,3.14159,3.14159,3.14159
90,90,90,90,114.624,90,65.3763
68.0281,275.61,24.1294,136.734,68.0281,79.3873,68.0281
90,90,90,90,114.624,90,65.3763
248.028,264.39,335.871,223.266,248.028,100.613,248.028
7
2.1386e-08,8.39644e-08,4.93057e-08,2.92032e-08,2.36085e-08,4.38663e-08,2.36085e-08
-84.1498,-105.869,-102.205,-97.5558,-91.9086,-99.6598,-91.9086
0,3.14159,3.14159,3.14159,3.14159,3.14159,3.14159
90,90,90,90,115.061,90,64.9394
67.5603,275.579,23.6344,137.401,67.5603,79.2751,67.5603
90,90,90,90,115.061,90,64.9394
247.56,264.421,336.366,222.599,247.56,100.725,247.56
7
2.16686e-08,8.34611e-08,4.98675e-08,2.92252e-08,2.38648e-08,4.42515e-08,2.38648e-08
-84.2639,-105.817,-102.304,-97.5624,-92.0024,-99.7358,-92.0024
0,3.14159,3.14159,3.14159,3.14159,3.14159,3.14159
90,90,90,90,114.773,90,65.2268
69.029,275.332,23.9376,136.185,69.029,79.9068,69.029
90,90,90,90,114.773,90,65.2268
249.029,264.668,336.062,223.815,249.029,100.093,249.029
7
2.12335e-08,8.39257e-08,4.96799e-08,2.8904e-08,2.34705e-08,4.37921e-08,2.34705e-08
-84.0877,-105.865,-102.271,-97.4664,-91.8577,-99.6451,-91.8577
0,3.14159,3.14159,3.14159,3.14159,3.14159,3.14159
90,90,90,90,115.218,90,64.7818
68.5783,275.302,23.4457,136.853,68.5783,79.7998,68.5783
90,90,90,90,115.218,90,64.7818
248.578,264.698,336.554,223.147,248.578,100.2,248.578
7
2.15259e-08,8.34241e-08,5.02408e-08,2.8932e-08,2.37353e-08,4.41818e-08,2.37353e-08
-84.2065,-105.813,-102.368,-97.4748,-91.9551,-99.7221,-91.9551
0,3.14159,3.14159,3.14159,3.14159,3.14159,3.14159
90,90,90,90,114.918,90,65.0825
70.0435,275.052,23.7488,135.626,70.0435,80.4279,70.0435
90,90,90,90,114.918,90,65.0825
250.044,264.948,336.251,224.374,250.044,99.5721,250.044
7
2.10879e-08,8.3889e-08,5.00547e-08,2.86076e-08,2.33388e-08,4.37217e-08,2.33388e-08
-84.0279,-105.861,-102.336,-97.3769,-91.8088,-99.6312,-91.8088
0,3.14159,3.14159,3.14159,3.14159,3.14159,3.14159
90,90,90,90,115.371,90,64.6294
69.6107,275.024,23.2598,136.294,69.6107,80.3262,69.6107
90,90,90,90,115.371,90,64.6294
249.611,264.976,336.74,223.706,249.611,99.6738,249.611
7
2.13901e-08,8.33892e-08,5.06146e-08,2.86417e-08,2.36122e-08,4.41158e-08,2.36122e-08
-84.1515,-105.809,-102.433,-97.3872,-91.9099,-99.7091,-91.9099
0,3.14159,3.14159,3.14159,3.14159,3.14159,3.14159
90,90,90,90,115.056,90,64.9436
71.0712,274.773,23.5627,135.055,71.0712,80.9506,71.0712
90,90,90,90,115.056,90,64.9436
251.071,265.227,336.437,224.945,251.071,99.0494,251.071
7
2.09492e-08,8.38542e-08,5.04299e-08,2.83139e-08,2.32135e-08,4.3655e-08,2.32135e-08
-83.9706,-105.858,-102.401,-97.2872,-91.762,-99.6179,-91.762
0,3.14159,3.14159,3.14159,3.14159,3.14159,3.14159
90,90,90,90,115.517,90,64.4827
70.6572,274.747,23.0767,135.723,70.6572,80.8543,70.6572
90,90,90,90,115.517,90,64.4827
250.657,265.253,336.923,224.277,250.657,99.1457,250.657
7
2.12612e-08,8.33562e-08,5.0989e-08,2.83543e-08,2.34955e-08,4.40534e-08,2.34955e-08
-84.099,-105.806,-102.497,-97.2996,-91.8669,-99.6968,-91.8669
0,3.14159,3.14159,3.14159,3.14159,3.14159,3.14159
90,90,90,90,115.19,90,64.8105
72.1117,274.493,23.3794,134.472,72.1117,81.4749,72.1117
90,90,90,90,115.19,90,64.8105
252.112,265.507,336.621,225.528,252.112,98.5251,252.112
7
2.08175e-08,8.38215e-08,5.08057e-08,2.80232e-08,2.30948e-08,4.3592e-08,2.30948e-08
-83.9158,-105.854,-102.465,-97.1976,-91.7175,-99.6054,-91.7175
0,3.14159,3.14159,3.14159,3.14159,3.14159,3.14159
90,90,90,90,115.658,90,64.342
71.7172,274.468,22.8963,135.141,71.7172,81.3839,71.7172
90,90,90,90,115.658,90,64.342
251.717,265.532,337.104,224.859,251.717,98.6161,251.717
7
2.11394e-08,8.33252e-08,5.1364e-08,2.80698e-08,2.33853e-08,4.39948e-08,2.33853e-08
-84.0491,-105.803,-102.56,-97.212,-91.8261,-99.6852,-91.8261
0,3.14159,3.14159,3.14159,3.14159,3.14159,3.14159
90,90,90,90,115.317,90,64.6834
73.1646,274.214,23.1987,133.878,73.1646,82.0006,73.1646
90,90,90,90,115.317,90,64.6834
253.165,265.786,336.801,226.122,253.165,97.9994,253.165
7
2.06931e-08,8.37906e-08,5.11819e-08,2.77353e-08,2.29827e-08,4.35327e-08,2.29827e-08
-83.8637,-105.851,-102.53,-97.1079,-91.6753,-99.5935,-91.6753
0,3.14159,3.14159,3.14159,3.14159,3.14159,3.14159
90,90,90,90,115.792,90,64.2077
72.7904,274.19,22.7185,134.546,72.7904,81.9151,72.7904
90,90,90,90,115.792,90,64.2077
252.79,265.81,337.281,225.454,252.79,98.0849,252.79
7
2.10248e-08,8.32962e-08,5.17394e-08,2.77885e-08,2.32818e-08,4.39398e-08,2.32818e-08
-84.0018,-105.8,-102.624,-97.1245,-91.7875,-99.6744,-91.7875
0,3.14159,3.14159,3.14159,3.14159,3.14159,3.14159
90,90,90,90,115.437,90,64.5629
74.2293,273.934,23.0206,133.271,74.2293,82.5276,74.2293
90,90,90,90,115.437,90,64.5629
254.229,266.066,336.979,226.729,254.229,97.4724,254.229
7
2.05761e-08,8.37618e-08,5.15587e-08,2.74506e-08,2.28774e-08,4.34772e-08,2.28774e-08
-83.8145,-105.848,-102.593,-97.0182,-91.6353,-99.5824,-91.6353
0,3.14159,3.14159,3.14159,3.14159,3.14159,3.14159
90,90,90,90,115.92,90,64.0802
73.8761,273.912,22.5433,133.939,73.8761,82.4477,73.8761
90,90,90,90,115.92,90,64.0802
253.876,266.088,337.457,226.061,253.876,97.5523,253.876
7
2.09175e-08,8.32692e-08,5.21153e-08,2.75103e-08,2.3185e-08,4.38886e-08,2.3185e-08
-83.9574,-105.797,-102.687,-97.0371,-91.7514,-99.6643,-91.7514
0,3.14159,3.14159,3.14159,3.14159,3.14159,3.14159
90,90,90,90,115.551,90,64.449
75.3053,273.654,22.8452,132.652,75.3053,83.056,75.3053
90,90,90,90,115.551,90,64.449
255.305,266.346,337.155,227.348,255.305,96.944,255.305
7
2.04665e-08,8.3735e-08,5.19359e-08,2.71689e-08,2.27789e-08,4.34254e-08,2.27789e-08
-83.7681,-105.845,-102.657,-96.9287,-91.5979,-99.5721,-91.5979
0,3.14159,3.14159,3.14159,3.14159,3.14159,3.14159
90,90,90,90,116.04,90,63.9597
74.9739,273.633,22.3707,133.319,74.9739,82.9815,74.9739
90,90,90,90,116.04,90,63.9597
254.974,266.367,337.629,226.681,254.974,97.0185,254.974
7
2.08177e-08,8.32442e-08,5.24916e-08,2.72354e-08,2.3095e-08,4.38411e-08,2.3095e-08
-83.9159,-105.794,-102.749,-96.9499,-91.7176,-99.6549,-91.7176
0,3.14159,3.14159,3.14159,3.14159,3.14159,3.14159
90,90,90,90,115.658,90,64.3422
76.392,273.373,22.6722,132.021,76.392,83.5855,76.392
90,90,90,90,115.658,90,64.3422
256.392,266.627,337.328,227.979,256.392,96.4145,256.392
7
2.03645e-08,8.37101e-08,5.23135e-08,2.68905e-08,2.26872e-08,4.33774e-08,2.26872e-08
-83.7247,-105.843,-102.72,-96.8392,-91.5629,-99.5625,-91.5629
0,3.14159,3.14159,3.14159,3.14159,3.14159,3.14159
90,90,90,90,116.153,90,63.8466
76.0831,273.354,22.2006,132.686,76.0831,83.5166,76.0831
90,90,90,90,116.153,90,63.8466
256.083,266.646,337.799,227.314,256.083,96.4834,256.083
7
2.07255e-08,8.32212e-08,5.28685e-08,2.69639e-08,2.30119e-08,4.37974e-08,2.30119e-08
-83.8773,-105.792,-102.811,-96.8629,-91.6863,-99.6462,-91.6863
0,3.14159,3.14159,3.14159,3.14159,3.14159,3.14159
90,90,90,90,115.757,90,64.2428
77.4887,273.093,22.5017,131.376,77.4887,84.1161,77.4887
90,90,90,90,115.757,90,64.2428
257.489,266.907,337.498,228.624,257.489,95.8839,257.489
7
2.02702e-08,8.36872e-08,5.26917e-08,2.66155e-08,2.26026e-08,4.33332e-08,2.26026e-08
-83.6844,-105.84,-102.782,-96.7499,-91.5304,-99.5536,-91.5304
0,3.14159,3.14159,3.14159,3.14159,3.14159,3.14159
90,90,90,90,116.259,90,63.7412
77.203,273.075,22.0329,132.04,77.203,84.0529,77.203
90,90,90,90,116.259,90,63.7412
257.203,266.925,337.967,227.96,257.203,95.9471,257.203
7
2.06409e-08,8.32002e-08,5.32458e-08,2.66959e-08,2.29357e-08,4.37574e-08,2.29357e-08
-83.8418,-105.79,-102.873,-96.7761,-91.6575,-99.6383,-91.6575
0,3.14159,3.14159,3.14159,3.14159,3.14159,3.14159
90,90,90,90,115.849,90,64.151
78.5949,272.812,22.3336,130.719,78.5949,84.6478,78.5949
90,90,90,90,115.849,90,64.151
258.595,267.188,337.666,229.281,258.595,95.3522,258.595
7
2.01837e-08,8.36663e-08,5.30702e-08,2.63439e-08,2.25251e-08,4.32928e-08,2.25251e-08
-83.6472,-105.838,-102.844,-96.6608,-91.5006,-99.5455,-91.5006
0,3.14159,3.14159,3.14159,3.14159,3.14159,3.14159
90,90,90,90,116.356,90,63.6439
78.3329,272.796,21.8676,131.381,78.3329,84.5901,78.3329
90,90,90,90,116.356,90,63.6439
258.333,267.204,338.132,228.619,258.333,95.4099,258.333
7
2.05641e-08,8.31812e-08,5.36236e-08,2.64314e-08,2.28666e-08,4.37213e-08,2.28666e-08
-83.8094,-105.788,-102.934,-96.6896,-91.6313,-99.6311,-91.6313
0,3.14159,3.14159,3.14159,3.14159,3.14159,3.14159
90,90,90,90,115.933,90,64.0671
79.7097,272.531,22.1679,130.048,79.7097,85.1803,79.7097
90,90,90,90,115.933,90,64.0671
259.71,267.469,337.832,229.952,259.71,94.8197,259.71
7
2.01051e-08,8.36474e-08,5.34493e-08,2.60759e-08,2.24547e-08,4.32563e-08,2.24547e-08
-83.6134,-105.836,-102.906,-96.572,-91.4734,-99.5382,-91.4734
0,3.14159,3.14159,3.14159,3.14159,3.14159,3.14159
90,90,90,90,116.445,90,63.5549
79.4722,272.517,21.7046,130.708,79.4722,85.1284,79.4722
90,90,90,90,116.445,90,63.5549
259.472,267.483,338.295,229.292,259.472,94.8716,259.472
7
2.04951e-08,8.31641e-08,5.40018e-08,2.61706e-08,2.28046e-08,4.36889e-08,2.28046e-08
-83.7802,-105.786,-102.995,-96.6035,-91.6077,-99.6246,-91.6077
0,3.14159,3.14159,3.14159,3.14159,3.14159,3.14159
90,90,90,90,116.009,90,63.9913
80.8325,272.25,22.0045,129.364,80.8325,85.7137,80.8325
90,90,90,90,116.009,90,63.9913
260.833,267.75,337.996,230.636,260.833,94.2863,260.833
7
2.00346e-08,8.36304e-08,5.38287e-08,2.58115e-08,2.23916e-08,4.32235e-08,2.23916e-08
-83.5828,-105.835,-102.967,-96.4835,-91.4489,-99.5316,-91.4489
0,3.14159,3.14159,3.14159,3.14159,3.14159,3.14159
90,90,90,90,116.526,90,63.4745
80.6199,272.238,21.5439,130.021,80.6199,85.6675,80.6199
90,90,90,90,116.526,90,63.4745
260.62,267.762,338.456,229.979,260.62,94.3325,260.62
7
2.04341e-08,8.31491e-08,5.43805e-08,2.59137e-08,2.27497e-08,4.36603e-08,2.27497e-08
-83.7543,-105.784,-103.056,-96.5178,-91.5868,-99.6189,-91.5868
0,3.14159,3.14159,3.14159,3.14159,3.14159,3.14159
90,90,90,90,116.076,90,63.9239
81.9624,271.969,21.8433,128.666,81.9624,86.2479,81.9624
90,90,90,90,116.076,90,63.9239
261.962,268.031,338.157,231.334,261.962,93.7521,261.962
7
1.99721e-08,8.36155e-08,5.42086e-08,2.5551e-08,2.23357e-08,4.31946e-08,2.23357e-08
-83.5557,-105.833,-103.029,-96.3954,-91.4272,-99.5258,-91.4272
0,3.14159,3.14159,3.14159,3.14159,3.14159,3.14159
90,90,90,90,116.597,90,63.4029
81.7752,271.958,21.3855,129.32,81.7752,86.2074,81.7752
90,90,90,90,116.597,90,63.4029
261.775,268.042,338.615,230.68,261.775,93.7926,261.775
7
2.0381e-08,8.31361e-08,5.47595e-08,2.56607e-08,2.27021e-08,4.36354e-08,2.27021e-08
-83.7317,-105.783,-103.116,-96.4326,-91.5685,-99.614,-91.5685
0,3.14159,3.14159,3.14159,3.14159,3.14159,3.14159
90,90,90,90,116.135,90,63.865
83.0987,271.688,21.6844,127.955,83.0987,86.7827,83.0987
90,90,90,90,116.135,90,63.865
263.099,268.312,338.316,232.045,263.099,93.2173,263.099
7
1.99178e-08,8.36025e-08,5.45888e-08,2.52943e-08,2.22872e-08,4.31695e-08,2.22872e-08
-83.532,-105.832,-103.089,-96.3077,-91.4083,-99.5208,-91.4083
0,3.14159,3.14159,3.14159,3.14159,3.14159,3.14159
90,90,90,90,116.66,90,63.3404
82.9374,271.679,21.2293,128.605,82.9374,86.7479,82.9374
90,90,90,90,116.66,90,63.3404
262.937,268.321,338.771,231.395,262.937,93.2521,262.937
7
2.0336e-08,8.31251e-08,5.5139e-08,2.54117e-08,2.26617e-08,4.36144e-08,2.26617e-08
-83.7125,-105.782,-103.176,-96.3479,-91.5531,-99.6098,-91.5531
0,3.14159,3.14159,3.14159,3.14159,3.14159,3.14159
90,90,90,90,116.185,90,63.8149
84.2404,271.407,21.5277,127.229,84.2404,87.318,84.2404
90,90,90,90,116.185,90,63.8149
264.24,268.593,338.472,232.771,264.24,92.682,264.24
7
1.98717e-08,8.35916e-08,5.49695e-08,2.50417e-08,2.2246e-08,4.31483e-08,2.2246e-08
-83.5119,-105.83,-103.15,-96.2205,-91.3923,-99.5165,-91.3923
0,3.14159,3.14159,3.14159,3.14159,3.14159,3.14159
90,90,90,90,116.713,90,63.2872
84.1054,271.399,21.0752,127.875,84.1054,87.289,84.1054
90,90,90,90,116.713,90,63.2872
264.105,268.601,338.925,232.125,264.105,92.711,264.105
7
2.02991e-08,8.3116e-08,5.55189e-08,2.51668e-08,2.26286e-08,4.35972e-08,2.26286e-08
-83.6968,-105.781,-103.236,-96.2638,-91.5404,-99.6064,-91.5404
0,3.14159,3.14159,3.14159,3.14159,3.14159,3.14159
90,90,90,90,116.226,90,63.7736
85.3867,271.126,21.3732,126.489,85.3867,87.8539,85.3867
90,90,90,90,116.226,90,63.7736
265.387,268.874,338.627,233.511,265.387,92.1461,265.387
7
1.9834e-08,8.35826e-08,5.53505e-08,2.47932e-08,2.22123e-08,4.31309e-08,2.22123e-08
-83.4954,-105.83,-103.21,-96.1339,-91.3791,-99.513,-91.3791
0,3.14159,3.14159,3.14159,3.14159,3.14159,3.14159
90,90,90,90,116.757,90,63.2434
85.2783,271.119,20.9233,127.131,85.2783,87.8306,85.2783
90,90,90,90,116.757,90,63.2434
265.278,268.881,339.077,232.869,265.278,92.1694,265.278
7
2.02704e-08,8.3109e-08,5.58992e-08,2.49263e-08,2.26028e-08,4.35839e-08,2.26028e-08
-83.6844,-105.78,-103.295,-96.1804,-91.5305,-99.6037,-91.5305
0,3.14159,3.14159,3.14159,3.14159,3.14159,3.14159
90,90,90,90,116.259,90,63.7414
86.5368,270.844,21.2207,125.735,86.5368,88.3901,86.5368
90,90,90,90,116.259,90,63.7414
266.537,269.156,338.779,234.265,266.537,91.6099,266.537
7
1.98046e-08,8.35756e-08,5.5732e-08,2.4549e-08,2.2186e-08,4.31174e-08,2.2186e-08
-83.4825,-105.829,-103.269,-96.0479,-91.3688,-99.5103,-91.3688
0,3.14159,3.14159,3.14159,3.14159,3.14159,3.14159
90,90,90,90,116.791,90,63.2092
86.4552,270.839,20.7734,126.371,86.4552,88.3726,86.4552
90,90,90,90,116.791,90,63.2092
266.455,269.161,339.227,233.629,266.455,91.6274,266.455
7
2.02498e-08,8.3104e-08,5.62799e-08,2.46901e-08,2.25844e-08,4.35743e-08,2.25844e-08
-83.6756,-105.78,-103.354,-96.0977,-91.5234,-99.6018,-91.5234
0,3.14159,3.14159,3.14159,3.14159,3.14159,3.14159
90,90,90,90,116.282,90,63.7184
87.6896,270.563,21.0703,124.966,87.6896,88.9266,87.6896
90,90,90,90,116.282,90,63.7184
267.69,269.437,338.93,235.034,267.69,91.0734,267.69
7
1.97835e-08,8.35707e-08,5.61138e-08,2.43091e-08,2.21673e-08,4.31077e-08,2.21673e-08
-83.4733,-105.828,-103.329,-95.9626,-91.3615,-99.5083,-91.3615
0,3.14159,3.14159,3.14159,3.14159,3.14159,3.14159
90,90,90,90,116.815,90,63.1847
87.6351,270.56,20.6256,125.596,87.6351,88.9149,87.6351
90,90,90,90,116.815,90,63.1847
267.635,269.44,339.374,234.404,267.635,91.0851,267.635
7
2.02374e-08,8.3101e-08,5.66609e-08,2.44585e-08,2.25733e-08,4.35686e-08,2.25733e-08
-83.6703,-105.779,-103.413,-96.0158,-91.5191,-99.6007,-91.5191
0,3.14159,3.14159,3.14159,3.14159,3.14159,3.14159
90,90,90,90,116.296,90,63.7045
88.8443,270.281,20.9219,124.182,88.8443,89.4632,88.8443
90,90,90,90,116.296,90,63.7045
268.844,269.719,339.078,235.818,268.844,90.5368,268.844
7
1.97709e-08,8.35677e-08,5.6496e-08,2.40738e-08,2.2156e-08,4.31019e-08,2.2156e-08
-83.4677,-105.828,-103.388,-95.8781,-91.357,-99.5072,-91.357
0,3.14159,3.14159,3.14159,3.14159,3.14159,3.14159
90,90,90,90,116.83,90,63.17
88.8171,270.28,20.4798,124.806,88.8171,89.4574,88.8171
90,90,90,90,116.83,90,63.17
268.817,269.72,339.52,235.194,268.817,90.5426,268.817
7
2.02333e-08,8.31e-08,5.70424e-08,2.42315e-08,2.25696e-08,4.35667e-08,2.25696e-08
-83.6686,-105.779,-103.471,-95.9348,-91.5177,-99.6003,-91.5177
0,3.14159,3.14159,3.14159,3.14159,3.14159,3.14159
90,90,90,90,116.3,90,63.6999
90,270,20.7755,123.384,90,90,90
90,90,90,90,116.3,90,63.6999
270,270,339.225,236.616,270,90,270
7
1.97667e-08,8.35667e-08,5.68785e-08,2.38432e-08,2.21522e-08,4.31e-08,2.21522e-08
-83.4659,-105.828,-103.446,-95.7945,-91.3556,-99.5068,-91.3556
0,3.14159,3.14159,3.14159,3.14159,3.14159,3.14159
90,90,90,90,116.835,90,63.1651
90,270,20.336,124.001,90,90,90
90,90,90,90,116.835,90,63.1651
270,270,339.664,235.999,270,90,270
