7
4e-08,6.33333e-08,4.21637e-08,6.66667e-08,4.12311e-08,6.33333e-08,4.12311e-08
-89.5884,-103.42,-100.846,-104.725,-96.7517,-102.85,-96.7517
0,3.14159,3.14159,3.14159,3.14159,3.14159,3.14159
90,90,90,90,104.036,90,75.9638
270,270,288.435,216.87,270,90,270
90,90,90,90,104.036,90,75.9638
90,270,71.5651,143.13,90,90,90
7
4e-08,6.33333e-08,4.24289e-08,6.60154e-08,4.12311e-08,6.33333e-08,4.12311e-08
-89.5884,-103.42,-100.9,-104.64,-96.7517,-102.85,-96.7517
0,3.14159,3.14159,3.14159,3.14159,3.14159,3.14159
90,90,90,90,104.036,90,75.9638
270,270,289.481,217.295,270,90,270
90,90,90,90,104.036,90,75.9638
90,270,70.5192,142.705,90,90,90
7
4e-08,6.33333e-08,4.27081e-08,6.53679e-08,4.12311e-08,6.33333e-08,4.12311e-08
-89.5884,-103.42,-100.957,-104.555,-96.7517,-102.85,-96.7517
0,3.14159,3.14159,3.14159,3.14159,3.14159,3.14159
90,90,90,90,104.036,90,75.9638
270,270,290.513,217.729,270,90,270
90,90,90,90,104.036,90,75.9638
90,270,69.4867,142.271,90,90,90
7
4e-08,6.33333e-08,4.30009e-08,6.47242e-08,4.12311e-08,6.33333e-08,4.12311e-08
-89.5884,-103.42,-101.017,-104.469,-96.7517,-102.85,-96.7517
0,3.14159,3.14159,3.14159,3.14159,3.14159,3.14159
90,90,90,90,104.036,90,75.9638
270,270,291.532,218.171,270,90,270
90,90,90,90,104.036,90,75.9638
90,270,68.4679,141.829,90,90,90
7
4e-08,6.33333e-08,4.33072e-08,6.40844e-08,4.12311e-08,6.33333e-08,4.12311e-08
-89.5884,-103.42,-101.078,-104.382,-96.7517,-102.85,-96.7517
0,3.14159,3.14159,3.14159,3.14159,3.14159,3.14159
90,90,90,90,104.036,90,75.9638
270,270,292.537,218.622,270,90,270
90,90,90,90,104.036,90,75.9638
90,270,67.4632,141.378,90,90,90
7
4e-08,6.33333e-08,4.36266e-08,6.34486e-08,4.12311e-08,6.33333e-08,4.12311e-08
-89.5884,-103.42,-101.142,-104.296,-96.7517,-102.85,-96.7517
0,3.14159,3.14159,3.14159,3.14159,3.14159,3.14159
90,90,90,90,104.036,90,75.9638
270,270,293.527,219.082,270,90,270
90,90,90,90,104.036,90,75.9638
90,270,66.4729,140.918,90,90,90
7
4e-08,6.33333e-08,4.39588e-08,6.28171e-08,4.12311e-08,6.33333e-08,4.12311e-08
-89.5884,-103.42,-101.208,-104.209,-96.7517,-102.85,-96.7517
0,3.14159,3.14159,3.14159,3.14159,3.14159,3.14159
90,90,90,90,104.036,90,75.9638
270,270,294.503,219.551,270,90,270
90,90,90,90,104.036,90,75.9638
90,270,65.4973,140.449,90,90,90
7
4e-08,6.33333e-08,4.43036e-08,6.21898e-08,4.12311e-08,6.33333e-08,4.12311e-08
-89.5884,-103.42,-101.276,-104.122,-96.7517,-102.85,-96.7517
0,3.14159,3.14159,3.14159,3.14159,3.14159,3.14159
90,90,90,90,104.036,90,75.9638
270,270,295.463,220.03,270,90,270
90,90,90,90,104.036,90,75.9638
90,270,64.5367,139.97,90,90,90
7
4e-08,6.33333e-08,4.46607e-08,6.1567e-08,4.12311e-08,6.33333e-08,4.12311e-08
-89.5884,-103.42,-101.346,-104.034,-96.7517,-102.85,-96.7517
0,3.14159,3.14159,3.14159,3.14159,3.14159,3.14159
90,90,90,90,104.036,90,75.9638
270,270,296.409,220.519,270,90,270
90,90,90,90,104.036,90,75.9638
90,270,63.5911,139.481,90,90,90
7
4e-08,6.33333e-08,4.50297e-08,6.09487e-08,4.12311e-08,6.33333e-08,4.12311e-08
-89.5884,-103.42,-101.417,-103.947,-96.7517,-102.85,-96.7517
0,3.14159,3.14159,3.14159,3.14159,3.14159,3.14159
90,90,90,90,104.036,90,75.9638
270,270,297.339,221.017,270,90,270
90,90,90,90,104.036,90,75.9638
90,270,62.6607,138.983,90,90,90
7
4e-08,6.33333e-08,4.54104e-08,6.03352e-08,4.12311e-08,6.33333e-08,4.12311e-08
-89.5884,-103.42,-101.49,-103.859,-96.7517,-102.85,-96.7517
0,3.14159,3.14159,3.14159,3.14159,3.14159,3.14159
90,90,90,90,104.036,90,75.9638
270,270,298.254,221.526,270,90,270
90,90,90,90,104.036,90,75.9638
90,270,61.7458,138.474,90,90,90
7
4e-08,6.33333e-08,4.58025e-08,5.97265e-08,4.12311e-08,6.33333e-08,4.12311e-08
-89.5884,-103.42,-101.565,-103.771,-96.7517,-102.85,-96.7517
0,3.14159,3.14159,3.14159,3.14159,3.14159,3.14159
90,90,90,90,104.036,90,75.9638
270,270,299.154,222.045,270,90,270
90,90,90,90,104.036,90,75.9638
90,270,60.8462,137.955,90,90,90
7
4e-08,6.33333e-08,4.62057e-08,5.91228e-08,4.12311e-08,6.33333e-08,4.12311e-08
-89.5884,-103.42,-101.641,-103.682,-96.7517,-102.85,-96.7517
0,3.14159,3.14159,3.14159,3.14159,3.14159,3.14159
90,90,90,90,104.036,90,75.9638
270,270,300.038,222.575,270,90,270
90,90,90,90,104.036,90,75.9638
90,270,59.9622,137.425,90,90,90
7
4e-08,6.33333e-08,4.66196e-08,5.85243e-08,4.12311e-08,6.33333e-08,4.12311e-08
-89.5884,-103.42,-101.719,-103.594,-96.7517,-102.85,-96.7517
0,3.14159,3.14159,3.14159,3.14159,3.14159,3.14159
90,90,90,90,104.036,90,75.9638
270,270,300.906,223.116,270,90,270
90,90,90,90,104.036,90,75.9638
90,270,59.0936,136.884,90,90,90
7
4e-08,6.33333e-08,4.70441e-08,5.79311e-08,4.12311e-08,6.33333e-08,4.12311e-08
-89.5884,-103.42,-101.797,-103.505,-96.7517,-102.85,-96.7517
0,3.14159,3.14159,3.14159,3.14159,3.14159,3.14159
90,90,90,90,104.036,90,75.9638
270,270,301.759,223.668,270,90,270
90,90,90,90,104.036,90,75.9638
90,270,58.2405,136.332,90,90,90
7
4e-08,6.33333e-08,4.74789e-08,5.73433e-08,4.12311e-08,6.33333e-08,4.12311e-08
-89.5884,-103.42,-101.877,-103.417,-96.7517,-102.85,-96.7517
0,3.14159,3.14159,3.14159,3.14159,3.14159,3.14159
90,90,90,90,104.036,90,75.9638
270,270,302.597,224.231,270,90,270
90,90,90,90,104.036,90,75.9638
90,270,57.4029,135.769,90,90,90
7
4e-08,6.33333e-08,4.79236e-08,5.67613e-08,4.12311e-08,6.33333e-08,4.12311e-08
-89.5884,-103.42,-101.958,-103.328,-96.7517,-102.85,-96.7517
0,3.14159,3.14159,3.14159,3.14159,3.14159,3.14159
90,90,90,90,104.036,90,75.9638
270,270,303.419,224.806,270,90,270
90,90,90,90,104.036,90,75.9638
90,270,56.5806,135.194,90,90,90
7
4e-08,6.33333e-08,4.8378e-08,5.6185e-08,4.12311e-08,6.33333e-08,4.12311e-08
-89.5884,-103.42,-102.04,-103.24,-96.7517,-102.85,-96.7517
0,3.14159,3.14159,3.14159,3.14159,3.14159,3.14159
90,90,90,90,104.036,90,75.9638
270,270,304.226,225.392,270,90,270
90,90,90,90,104.036,90,75.9638
90,270,55.7736,134.608,90,90,90
7
4e-08,6.33333e-08,4.88418e-08,5.56148e-08,4.12311e-08,6.33333e-08,4.12311e-08
-89.5884,-103.42,-102.123,-103.151,-96.7517,-102.85,-96.7517
0,3.14159,3.14159,3.14159,3.14159,3.14159,3.14159
90,90,90,90,104.036,90,75.9638
270,270,305.018,225.991,270,90,270
90,90,90,90,104.036,90,75.9638
90,270,54.9818,134.009,90,90,90
7
4e-08,6.33333e-08,4.93148e-08,5.50508e-08,4.12311e-08,6.33333e-08,4.12311e-08
-89.5884,-103.42,-102.207,-103.062,-96.7517,-102.85,-96.7517
0,3.14159,3.14159,3.14159,3.14159,3.14159,3.14159
90,90,90,90,104.036,90,75.9638
270,270,305.795,226.602,270,90,270
90,90,90,90,104.036,90,75.9638
90,270,54.2051,133.398,90,90,90
7
4e-08,6.33333e-08,4.97967e-08,5.44932e-08,4.12311e-08,6.33333e-08,4.12311e-08
-89.5884,-103.42,-102.291,-102.974,-96.7517,-102.85,-96.7517
0,3.14159,3.14159,3.14159,3.14159,3.14159,3.14159
90,90,90,90,104.036,90,75.9638
270,270,306.557,227.226,270,90,270
90,90,90,90,104.036,90,75.9638
90,270,53.4432,132.774,90,90,90
7
4e-08,6.33333e-08,5.02872e-08,5.39421e-08,4.12311e-08,6.33333e-08,4.12311e-08
-89.5884,-103.42,-102.376,-102.886,-96.7517,-102.85,-96.7517
0,3.14159,3.14159,3.14159,3.14159,3.14159,3.14159
90,90,90,90,104.036,90,75.9638
270,270,307.304,227.862,270,90,270
90,90,90,90,104.036,90,75.9638
90,270,52.6961,132.138,90,90,90
7
4e-08,6.33333e-08,5.0786e-08,5.33979e-08,4.12311e-08,6.33333e-08,4.12311e-08
-89.5884,-103.42,-102.462,-102.798,-96.7517,-102.85,-96.7517
0,3.14159,3.14159,3.14159,3.14159,3.14159,3.14159
90,90,90,90,104.036,90,75.9638
270,270,308.037,228.512,270,90,270
90,90,90,90,104.036,90,75.9638
90,270,51.9635,131.488,90,90,90
7
4e-08,6.33333e-08,5.12931e-08,5.28606e-08,4.12311e-08,6.33333e-08,4.12311e-08
-89.5884,-103.42,-102.548,-102.71,-96.7517,-102.85,-96.7517
0,3.14159,3.14159,3.14159,3.14159,3.14159,3.14159
90,90,90,90,104.036,90,75.9638
270,270,308.755,229.175,270,90,270
90,90,90,90,104.036,90,75.9638
90,270,51.2453,130.825,90,90,90
7
4e-08,6.33333e-08,5.1808e-08,5.23306e-08,4.12311e-08,6.33333e-08,4.12311e-08
-89.5884,-103.42,-102.635,-102.622,-96.7517,-102.85,-96.7517
0,3.14159,3.14159,3.14159,3.14159,3.14159,3.14159
90,90,90,90,104.036,90,75.9638
270,270,309.459,229.851,270,90,270
90,90,90,90,104.036,90,75.9638
90,270,50.5412,130.149,90,90,90
7
4e-08,6.33333e-08,5.23306e-08,5.1808e-08,4.12311e-08,6.33333e-08,4.12311e-08
-89.5884,-103.42,-102.722,-102.535,-96.7517,-102.85,-96.7517
0,3.14159,3.14159,3.14159,3.14159,3.14159,3.14159
90,90,90,90,104.036,90,75.9638
270,270,310.149,230.541,270,90,270
90,90,90,90,104.036,90,75.9638
90,270,49.8511,129.459,90,90,90
7
4e-08,6.33333e-08,5.28606e-08,5.12931e-08,4.12311e-08,6.33333e-08,4.12311e-08
-89.5884,-103.42,-102.81,-102.448,-96.7517,-102.85,-96.7517
0,3.14159,3.14159,3.14159,3.14159,3.14159,3.14159
90,90,90,90,104.036,90,75.9638
270,270,310.825,231.245,270,90,270
90,90,90,90,104.036,90,75.9638
90,270,49.1748,128.755,90,90,90
7
4e-08,6.33333e-08,5.33979e-08,5.0786e-08,4.12311e-08,6.33333e-08,4.12311e-08
-89.5884,-103.42,-102.898,-102.362,-96.7517,-102.85,-96.7517
0,3.14159,3.14159,3.14159,3.14159,3.14159,3.14159
90,90,90,90,104.036,90,75.9638
270,270,311.488,231.963,270,90,270
90,90,90,90,104.036,90,75.9638
90,270,48.5119,128.037,90,90,90
7
4e-08,6.33333e-08,5.39421e-08,5.02872e-08,4.12311e-08,6.33333e-08,4.12311e-08
-89.5884,-103.42,-102.986,-102.276,-96.7517,-102.85,-96.7517
0,3.14159,3.14159,3.14159,3.14159,3.14159,3.14159
90,90,90,90,104.036,90,75.9638
270,270,312.138,232.696,270,90,270
90,90,90,90,104.036,90,75.9638
90,270,47.8624,127.304,90,90,90
7
4e-08,6.33333e-08,5.44932e-08,4.97967e-08,4.12311e-08,6.33333e-08,4.12311e-08
-89.5884,-103.42,-103.074,-102.191,-96.7517,-102.85,-96.7517
0,3.14159,3.14159,3.14159,3.14159,3.14159,3.14159
90,90,90,90,104.036,90,75.9638
270,270,312.774,233.443,270,90,270
90,90,90,90,104.036,90,75.9638
90,270,47.2259,126.557,90,90,90
7
4e-08,6.33333e-08,5.50508e-08,4.93148e-08,4.12311e-08,6.33333e-08,4.12311e-08
-89.5884,-103.42,-103.162,-102.107,-96.7517,-102.85,-96.7517
0,3.14159,3.14159,3.14159,3.14159,3.14159,3.14159
90,90,90,90,104.036,90,75.9638
270,270,313.398,234.205,270,90,270
90,90,90,90,104.036,90,75.9638
90,270,46.6023,125.795,90,90,90
7
4e-08,6.33333e-08,5.56148e-08,4.88418e-08,4.12311e-08,6.33333e-08,4.12311e-08
-89.5884,-103.42,-103.251,-102.023,-96.7517,-102.85,-96.7517
0,3.14159,3.14159,3.14159,3.14159,3.14159,3.14159
90,90,90,90,104.036,90,75.9638
270,270,314.009,234.982,270,90,270
90,90,90,90,104.036,90,75.9638
90,270,45.9912,125.018,90,90,90
7
4e-08,6.33333e-08,5.6185e-08,4.8378e-08,4.12311e-08,6.33333e-08,4.12311e-08
-89.5884,-103.42,-103.34,-101.94,-96.7517,-102.85,-96.7517
0,3.14159,3.14159,3.14159,3.14159,3.14159,3.14159
90,90,90,90,104.036,90,75.9638
270,270,314.608,235.774,270,90,270
90,90,90,90,104.036,90,75.9638
90,270,45.3924,124.226,90,90,90
7
4e-08,6.33333e-08,5.67613e-08,4.79236e-08,4.12311e-08,6.33333e-08,4.12311e-08
-89.5884,-103.42,-103.428,-101.858,-96.7517,-102.85,-96.7517
0,3.14159,3.14159,3.14159,3.14159,3.14159,3.14159
90,90,90,90,104.036,90,75.9638
270,270,315.194,236.581,270,90,270
90,90,90,90,104.036,90,75.9638
90,270,44.8058,123.419,90,90,90
7
4e-08,6.33333e-08,5.73433e-08,4.74789e-08,4.12311e-08,6.33333e-08,4.12311e-08
-89.5884,-103.42,-103.517,-101.777,-96.7517,-102.85,-96.7517
0,3.14159,3.14159,3.14159,3.14159,3.14159,3.14159
90,90,90,90,104.036,90,75.9638
270,270,315.769,237.403,270,90,270
90,90,90,90,104.036,90,75.9638
90,270,44.231,122.597,90,90,90
7
4e-08,6.33333e-08,5.79311e-08,4.70441e-08,4.12311e-08,6.33333e-08,4.12311e-08
-89.5884,-103.42,-103.605,-101.697,-96.7517,-102.85,-96.7517
0,3.14159,3.14159,3.14159,3.14159,3.14159,3.14159
90,90,90,90,104.036,90,75.9638
270,270,316.332,238.241,270,90,270
90,90,90,90,104.036,90,75.9638
90,270,43.6678,121.759,90,90,90
7
4e-08,6.33333e-08,5.85243e-08,4.66196e-08,4.12311e-08,6.33333e-08,4.12311e-08
-89.5884,-103.42,-103.694,-101.619,-96.7517,-102.85,-96.7517
0,3.14159,3.14159,3.14159,3.14159,3.14159,3.14159
90,90,90,90,104.036,90,75.9638
270,270,316.884,239.094,270,90,270
90,90,90,90,104.036,90,75.9638
90,270,43.1159,120.906,90,90,90
7
4e-08,6.33333e-08,5.91228e-08,4.62057e-08,4.12311e-08,6.33333e-08,4.12311e-08
-89.5884,-103.42,-103.782,-101.541,-96.7517,-102.85,-96.7517
0,3.14159,3.14159,3.14159,3.14159,3.14159,3.14159
90,90,90,90,104.036,90,75.9638
270,270,317.425,239.962,270,90,270
90,90,90,90,104.036,90,75.9638
90,270,42.5752,120.038,90,90,90
7
4e-08,6.33333e-08,5.97265e-08,4.58025e-08,4.12311e-08,6.33333e-08,4.12311e-08
-89.5884,-103.42,-103.871,-101.465,-96.7517,-102.85,-96.7517
0,3.14159,3.14159,3.14159,3.14159,3.14159,3.14159
90,90,90,90,104.036,90,75.9638
270,270,317.955,240.846,270,90,270
90,90,90,90,104.036,90,75.9638
90,270,42.0454,119.154,90,90,90
7
4e-08,6.33333e-08,6.03352e-08,4.54104e-08,4.12311e-08,6.33333e-08,4.12311e-08
-89.5884,-103.42,-103.959,-101.39,-96.7517,-102.85,-96.7517
0,3.14159,3.14159,3.14159,3.14159,3.14159,3.14159
90,90,90,90,104.036,90,75.9638
270,270,318.474,241.746,270,90,270
90,90,90,90,104.036,90,75.9638
90,270,41.5262,118.254,90,90,90
7
4e-08,6.33333e-08,6.09487e-08,4.50297e-08,4.12311e-08,6.33333e-08,4.12311e-08
-89.5884,-103.42,-104.047,-101.317,-96.7517,-102.85,-96.7517
0,3.14159,3.14159,3.14159,3.14159,3.14159,3.14159
90,90,90,90,104.036,90,75.9638
270,270,318.983,242.661,270,90,270
90,90,90,90,104.036,90,75.9638
90,270,41.0175,117.339,90,90,90
7
4e-08,6.33333e-08,6.1567e-08,4.46607e-08,4.12311e-08,6.33333e-08,4.12311e-08
-89.5884,-103.42,-104.134,-101.246,-96.7517,-102.85,-96.7517
0,3.14159,3.14159,3.14159,3.14159,3.14159,3.14159
90,90,90,90,104.036,90,75.9638
270,270,319.481,243.591,270,90,270
90,90,90,90,104.036,90,75.9638
90,270,40.5189,116.409,90,90,90
7
4e-08,6.33333e-08,6.21898e-08,4.43036e-08,4.12311e-08,6.33333e-08,4.12311e-08
-89.5884,-103.42,-104.222,-101.176,-96.7517,-102.85,-96.7517
0,3.14159,3.14159,3.14159,3.14159,3.14159,3.14159
90,90,90,90,104.036,90,75.9638
270,270,319.97,244.537,270,90,270
90,90,90,90,104.036,90,75.9638
90,270,40.0303,115.463,90,90,90
7
4e-08,6.33333e-08,6.28171e-08,4.39588e-08,4.12311e-08,6.33333e-08,4.12311e-08
-89.5884,-103.42,-104.309,-101.108,-96.7517,-102.85,-96.7517
0,3.14159,3.14159,3.14159,3.14159,3.14159,3.14159
90,90,90,90,104.036,90,75.9638
270,270,320.449,245.497,270,90,270
90,90,90,90,104.036,90,75.9638
90,270,39.5513,114.503,90,90,90
7
4e-08,6.33333e-08,6.34486e-08,4.36266e-08,4.12311e-08,6.33333e-08,4.12311e-08
-89.5884,-103.42,-104.396,-101.042,-96.7517,-102.85,-96.7517
0,3.14159,3.14159,3.14159,3.14159,3.14159,3.14159
90,90,90,90,104.036,90,75.9638
270,270,320.918,246.473,270,90,270
90,90,90,90,104.036,90,75.9638
90,270,39.0819,113.527,90,90,90
7
4e-08,6.33333e-08,6.40844e-08,4.33072e-08,4.12311e-08,6.33333e-08,4.12311e-08
-89.5884,-103.42,-104.482,-100.978,-96.7517,-102.85,-96.7517
0,3.14159,3.14159,3.14159,3.14159,3.14159,3.14159
90,90,90,90,104.036,90,75.9638
270,270,321.378,247.463,270,90,270
90,90,90,90,104.036,90,75.9638
90,270,38.6218,112.537,90,90,90
7
4e-08,6.33333e-08,6.47242e-08,4.30009e-08,4.12311e-08,6.33333e-08,4.12311e-08
-89.5884,-103.42,-104.569,-100.917,-96.7517,-102.85,-96.7517
0,3.14159,3.14159,3.14159,3.14159,3.14159,3.14159
90,90,90,90,104.036,90,75.9638
270,270,321.829,248.468,270,90,270
90,90,90,90,104.036,90,75.9638
90,270,38.1708,111.532,90,90,90
7
4e-08,6.33333e-08,6.53679e-08,4.27081e-08,4.12311e-08,6.33333e-08,4.12311e-08
-89.5884,-103.42,-104.655,-100.857,-96.7517,-102.85,-96.7517
0,3.14159,3.14159,3.14159,3.14159,3.14159,3.14159
90,90,90,90,104.036,90,75.9638
270,270,322.271,249.487,270,90,270
90,90,90,90,104.036,90,75.9638
90,270,37.7286,110.513,90,90,90
7
4e-08,6.33333e-08,6.60154e-08,4.24289e-08,4.12311e-08,6.33333e-08,4.12311e-08
-89.5884,-103.42,-104.74,-100.8,-96.7517,-102.85,-96.7517
0,3.14159,3.14159,3.14159,3.14159,3.14159,3.14159
90,90,90,90,104.036,90,75.9638
270,270,322.705,250.519,270,90,270
90,90,90,90,104.036,90,75.9638
90,270,37.295,109.481,90,90,90
7
4e-08,6.33333e-08,6.66667e-08,4.21637e-08,4.12311e-08,6.33333e-08,4.12311e-08
-89.5884,-103.42,-104.825,-100.746,-96.7517,-102.85,-96.7517
0,3.14159,3.14159,3.14159,3.14159,3.14159,3.14159
90,90,90,90,104.036,90,75.9638
270,270,323.13,251.565,270,90,270
90,90,90,90,104.036,90,75.9638
90,270,36.8699,108.435,90,90,90
