7
2.81198e-08,4.75143e-08,3.87535e-08,3.87535e-08,2.9845e-08,8.59266e-08,2.9845e-08
-86.5275,-100.924,-100.113,-100.013,-93.9446,-105.5,-93.9446
0,3.14159,3.14159,3.14159,3.14159,3.14159,3.14159
90,90,90,90,109.576,90,70.4235
135.336,245.107,30.6679,149.332,135.336,103.459,135.336
90,90,90,90,109.576,90,70.4235
315.336,294.893,329.332,210.668,315.336,76.5406,315.336
7
2.84497e-08,4.7938e-08,3.89936e-08,3.89936e-08,3.01561e-08,8.54729e-08,3.01561e-08
-86.6288,-101.001,-100.167,-100.067,-94.0347,-105.454,-94.0347
0,3.14159,3.14159,3.14159,3.14159,3.14159,3.14159
90,90,90,90,109.366,90,70.6336
134.668,245.342,31.2578,148.742,134.668,103.532,134.668
90,90,90,90,109.366,90,70.6336
314.668,294.658,328.742,211.258,314.668,76.4678,314.668
7
2.78309e-08,4.7344e-08,3.91051e-08,3.8403e-08,2.9573e-08,8.58326e-08,2.9573e-08
-86.4378,-100.893,-100.192,-99.9345,-93.8651,-105.49,-93.8651
0,3.14159,3.14159,3.14159,3.14159,3.14159,3.14159
90,90,90,90,109.764,90,70.236
134.745,245.555,30.3629,149.021,134.745,103.194,134.745
90,90,90,90,109.764,90,70.236
314.745,294.445,329.637,210.979,314.745,76.8056,314.745
7
2.81643e-08,4.77692e-08,3.93431e-08,3.86452e-08,2.98869e-08,8.53783e-08,2.98869e-08
-86.5412,-100.97,-100.245,-99.9891,-93.9568,-105.444,-93.9568
0,3.14159,3.14159,3.14159,3.14159,3.14159,3.14159
90,90,90,90,109.548,90,70.4521
134.077,245.787,30.9493,148.428,134.077,103.266,134.077
90,90,90,90,109.548,90,70.4521
314.077,294.213,329.051,211.572,314.077,76.7341,314.077
7
2.75451e-08,4.71765e-08,3.94578e-08,3.80536e-08,2.93042e-08,8.57403e-08,2.93042e-08
-86.3481,-100.862,-100.27,-99.8551,-93.7858,-105.481,-93.7858
0,3.14159,3.14159,3.14159,3.14159,3.14159,3.14159
90,90,90,90,109.953,90,70.0471
134.142,246.006,30.0633,148.705,134.142,102.929,134.142
90,90,90,90,109.953,90,70.0471
314.142,293.994,329.937,211.295,314.142,77.0711,314.142
7
2.78819e-08,4.76032e-08,3.96937e-08,3.82981e-08,2.9621e-08,8.52855e-08,2.9621e-08
-86.4537,-100.94,-100.322,-99.9108,-93.8792,-105.435,-93.8792
0,3.14159,3.14159,3.14159,3.14159,3.14159,3.14159
90,90,90,90,109.731,90,70.2694
133.475,246.235,30.6463,148.109,133.475,102.999,133.475
90,90,90,90,109.731,90,70.2694
313.475,293.765,329.354,211.891,313.475,77.001,313.475
7
2.72624e-08,4.7012e-08,3.98116e-08,3.77054e-08,2.90386e-08,8.56499e-08,2.90386e-08
-86.2585,-100.831,-100.347,-99.7753,-93.7067,-105.472,-93.7067
0,3.14159,3.14159,3.14159,3.14159,3.14159,3.14159
90,90,90,90,110.143,90,69.8567
133.527,246.461,29.769,148.383,133.527,102.663,133.527
90,90,90,90,110.143,90,69.8567
313.527,293.539,330.231,211.617,313.527,77.3372,313.527
7
2.76027e-08,4.74402e-08,4.00454e-08,3.79521e-08,2.93583e-08,8.51947e-08,2.93583e-08
-86.3662,-100.91,-100.398,-99.8319,-93.8018,-105.425,-93.8018
0,3.14159,3.14159,3.14159,3.14159,3.14159,3.14159
90,90,90,90,109.915,90,70.0854
132.86,246.686,30.3486,147.783,132.86,102.732,132.86
90,90,90,90,109.915,90,70.0854
312.86,293.314,329.651,212.217,312.86,77.2684,312.86
7
2.6983e-08,4.68505e-08,4.01664e-08,3.73585e-08,2.87764e-08,8.55614e-08,2.87764e-08
-86.169,-100.802,-100.424,-99.695,-93.6279,-105.463,-93.6279
0,3.14159,3.14159,3.14159,3.14159,3.14159,3.14159
90,90,90,90,110.335,90,69.6651
132.898,246.918,29.48,148.055,132.898,102.396,132.898
90,90,90,90,110.335,90,69.6651
312.898,293.082,330.52,211.945,312.898,77.6039,312.898
7
2.73267e-08,4.72802e-08,4.03981e-08,3.76075e-08,2.90989e-08,8.51056e-08,2.90989e-08
-86.279,-100.881,-100.474,-99.7527,-93.7248,-105.416,-93.7248
0,3.14159,3.14159,3.14159,3.14159,3.14159,3.14159
90,90,90,90,110.1,90,69.9003
132.232,247.14,30.0561,147.451,132.232,102.464,132.232
90,90,90,90,110.1,90,69.9003
312.232,292.86,329.944,212.549,312.232,77.5365,312.232
7
2.67068e-08,4.6692e-08,4.05222e-08,3.70127e-08,2.85176e-08,8.54747e-08,2.85176e-08
-86.0797,-100.772,-100.501,-99.6142,-93.5495,-105.454,-93.5495
0,3.14159,3.14159,3.14159,3.14159,3.14159,3.14159
90,90,90,90,110.528,90,69.4723
132.257,247.379,29.196,147.72,132.257,102.129,132.257
90,90,90,90,110.528,90,69.4723
312.257,292.621,330.804,212.28,312.257,77.8711,312.257
7
2.7054e-08,4.71231e-08,4.07519e-08,3.7264e-08,2.8843e-08,8.50185e-08,2.8843e-08
-86.1919,-100.852,-100.55,-99.673,-93.648,-105.407,-93.648
0,3.14159,3.14159,3.14159,3.14159,3.14159,3.14159
90,90,90,90,110.286,90,69.7141
131.592,247.597,29.7687,147.114,131.592,102.195,131.592
90,90,90,90,110.286,90,69.7141
311.592,292.403,330.231,212.886,311.592,77.8051,311.592
7
2.64341e-08,4.65365e-08,4.0879e-08,3.66683e-08,2.82623e-08,8.53898e-08,2.82623e-08
-85.9905,-100.743,-100.577,-99.533,-93.4714,-105.445,-93.4714
0,3.14159,3.14159,3.14159,3.14159,3.14159,3.14159
90,90,90,90,110.722,90,69.2784
131.602,247.843,28.9169,147.38,131.602,101.861,131.602
90,90,90,90,110.722,90,69.2784
311.602,292.157,331.083,212.62,311.602,78.1389,311.602
7
2.67848e-08,4.69691e-08,4.11067e-08,3.6922e-08,2.85907e-08,8.49332e-08,2.85907e-08
-86.105,-100.823,-100.625,-99.5929,-93.5717,-105.399,-93.5717
0,3.14159,3.14159,3.14159,3.14159,3.14159,3.14159
90,90,90,90,110.473,90,69.5271
130.939,248.058,29.4863,146.77,130.939,101.926,130.939
90,90,90,90,110.473,90,69.5271
310.939,291.942,330.514,213.23,310.939,78.0742,310.939
7
2.61648e-08,4.63841e-08,4.12368e-08,3.63252e-08,2.80107e-08,8.53069e-08,2.80107e-08
-85.9016,-100.715,-100.653,-99.4514,-93.3937,-105.437,-93.3937
0,3.14159,3.14159,3.14159,3.14159,3.14159,3.14159
90,90,90,90,110.916,90,69.0835
130.934,248.31,28.6427,147.033,130.934,101.593,130.934
90,90,90,90,110.916,90,69.0835
310.934,291.69,331.357,212.967,310.934,78.4072,310.934
7
2.65192e-08,4.68181e-08,4.14625e-08,3.65812e-08,2.83419e-08,8.48498e-08,2.83419e-08
-86.0184,-100.795,-100.7,-99.5124,-93.4958,-105.39,-93.4958
0,3.14159,3.14159,3.14159,3.14159,3.14159,3.14159
90,90,90,90,110.661,90,69.3392
130.273,248.521,29.2086,146.42,130.273,101.656,130.273
90,90,90,90,110.661,90,69.3392
310.273,291.479,330.791,213.58,310.273,78.3439,310.273
7
2.58992e-08,4.62348e-08,4.15955e-08,3.59834e-08,2.77628e-08,8.52258e-08,2.77628e-08
-85.813,-100.687,-100.728,-99.3693,-93.3165,-105.429,-93.3165
0,3.14159,3.14159,3.14159,3.14159,3.14159,3.14159
90,90,90,90,111.112,90,68.8878
130.252,248.78,28.3732,146.679,130.252,101.324,130.252
90,90,90,90,111.112,90,68.8878
310.252,291.22,331.627,213.321,310.252,78.676,310.252
7
2.62571e-08,4.66702e-08,4.18192e-08,3.62419e-08,2.80969e-08,8.47683e-08,2.80969e-08
-85.9322,-100.768,-100.775,-99.4314,-93.4204,-105.382,-93.4204
0,3.14159,3.14159,3.14159,3.14159,3.14159,3.14159
90,90,90,90,110.849,90,69.1507
129.594,248.987,28.9357,146.063,129.594,101.386,129.594
90,90,90,90,110.849,90,69.1507
309.594,291.013,331.064,213.937,309.594,78.6141,309.594
7
2.56374e-08,4.60887e-08,4.1955e-08,3.56431e-08,2.75187e-08,8.51466e-08,2.75187e-08
-85.7247,-100.659,-100.803,-99.2867,-93.2398,-105.421,-93.2398
0,3.14159,3.14159,3.14159,3.14159,3.14159,3.14159
90,90,90,90,111.309,90,68.6915
129.555,249.253,28.1083,146.319,129.555,101.055,129.555
90,90,90,90,111.309,90,68.6915
309.555,290.747,331.892,213.681,309.555,78.9453,309.555
7
2.59989e-08,4.65254e-08,4.21769e-08,3.5904e-08,2.78558e-08,8.46886e-08,2.78558e-08
-85.8463,-100.741,-100.849,-99.3501,-93.3455,-105.374,-93.3455
0,3.14159,3.14159,3.14159,3.14159,3.14159,3.14159
90,90,90,90,111.038,90,68.9617
128.9,249.457,28.6675,145.699,128.9,101.115,128.9
90,90,90,90,111.038,90,68.9617
308.9,290.543,331.333,214.301,308.9,78.8848,308.9
7
2.53794e-08,4.59457e-08,4.23155e-08,3.53042e-08,2.72785e-08,8.50693e-08,2.72785e-08
-85.6369,-100.632,-100.877,-99.2037,-93.1636,-105.413,-93.1636
0,3.14159,3.14159,3.14159,3.14159,3.14159,3.14159
90,90,90,90,111.505,90,68.4946
128.845,249.729,27.8479,145.951,128.845,100.785,128.845
90,90,90,90,111.505,90,68.4946
308.845,290.271,332.152,214.049,308.845,79.2151,308.845
7
2.57446e-08,4.63837e-08,4.25355e-08,3.55675e-08,2.76185e-08,8.46109e-08,2.76185e-08
-85.7609,-100.715,-100.922,-99.2683,-93.2712,-105.366,-93.2712
0,3.14159,3.14159,3.14159,3.14159,3.14159,3.14159
90,90,90,90,111.228,90,68.7723
128.194,249.929,28.4037,145.328,128.194,100.844,128.194
90,90,90,90,111.228,90,68.7723
308.194,290.071,331.596,214.672,308.194,79.156,308.194
7
2.51254e-08,4.58059e-08,4.26768e-08,3.49667e-08,2.70423e-08,8.49938e-08,2.70423e-08
-85.5495,-100.606,-100.951,-99.1203,-93.0881,-105.405,-93.0881
0,3.14159,3.14159,3.14159,3.14159,3.14159,3.14159
90,90,90,90,111.703,90,68.2973
128.12,250.208,27.5919,145.577,128.12,100.515,128.12
90,90,90,90,111.703,90,68.2973
308.12,289.792,332.408,214.423,308.12,79.4854,308.12
7
2.54942e-08,4.62452e-08,4.2895e-08,3.52326e-08,2.73853e-08,8.45351e-08,2.73853e-08
-85.676,-100.689,-100.995,-99.1861,-93.1976,-105.358,-93.1976
0,3.14159,3.14159,3.14159,3.14159,3.14159,3.14159
90,90,90,90,111.417,90,68.5826
127.473,250.404,28.1444,144.951,127.473,100.572,127.473
90,90,90,90,111.417,90,68.5826
307.473,289.596,331.856,215.049,307.473,79.4277,307.473
7
2.48755e-08,4.56693e-08,4.3039e-08,3.46308e-08,2.68103e-08,8.49203e-08,2.68103e-08
-85.4627,-100.58,-101.024,-99.0365,-93.0133,-105.397,-93.0133
0,3.14159,3.14159,3.14159,3.14159,3.14159,3.14159
90,90,90,90,111.9,90,68.0998
127.38,250.69,27.3403,145.195,127.38,100.244,127.38
90,90,90,90,111.9,90,68.0998
307.38,289.31,332.66,214.805,307.38,79.7562,307.38
7
2.5248e-08,4.61099e-08,4.32553e-08,3.48993e-08,2.71562e-08,8.44611e-08,2.71562e-08
-85.5917,-100.663,-101.068,-99.1035,-93.1246,-105.35,-93.1246
0,3.14159,3.14159,3.14159,3.14159,3.14159,3.14159
90,90,90,90,111.607,90,68.3929
126.737,250.882,27.8894,144.566,126.737,100.3,126.737
90,90,90,90,111.607,90,68.3929
306.737,289.118,332.111,215.434,306.737,79.6999,306.737
7
2.46299e-08,4.55359e-08,4.34019e-08,3.42964e-08,2.65825e-08,8.48487e-08,2.65825e-08
-85.3765,-100.554,-101.097,-98.9522,-92.9392,-105.39,-92.9392
0,3.14159,3.14159,3.14159,3.14159,3.14159,3.14159
90,90,90,90,112.098,90,67.9023
126.626,251.174,27.0928,144.806,126.626,99.9726,126.626
90,90,90,90,112.098,90,67.9023
306.626,288.826,332.907,215.194,306.626,80.0274,306.626
7
2.5006e-08,4.59779e-08,4.36165e-08,3.45675e-08,2.69314e-08,8.43891e-08,2.69314e-08
-85.5081,-100.638,-101.14,-99.0206,-93.0524,-105.343,-93.0524
0,3.14159,3.14159,3.14159,3.14159,3.14159,3.14159
90,90,90,90,111.797,90,68.2033
125.988,251.362,27.6385,144.174,125.988,100.027,125.988
90,90,90,90,111.797,90,68.2033
305.988,288.638,332.361,215.826,305.988,79.9725,305.988
7
2.43886e-08,4.54059e-08,4.37657e-08,3.39637e-08,2.63591e-08,8.47789e-08,2.63591e-08
-85.291,-100.529,-101.17,-98.8675,-92.8658,-105.383,-92.8658
0,3.14159,3.14159,3.14159,3.14159,3.14159,3.14159
90,90,90,90,112.295,90,67.705
125.856,251.662,26.8494,144.409,125.856,99.7009,125.856
90,90,90,90,112.295,90,67.705
305.856,288.338,333.151,215.591,305.856,80.2991,305.856
7
2.47683e-08,4.58491e-08,4.39785e-08,3.42374e-08,2.67108e-08,8.4319e-08,2.67108e-08
-85.4252,-100.614,-101.212,-98.9372,-92.981,-105.336,-92.981
0,3.14159,3.14159,3.14159,3.14159,3.14159,3.14159
90,90,90,90,111.986,90,68.014
125.224,251.845,27.3919,143.774,125.224,99.7544,125.224
90,90,90,90,111.986,90,68.014
305.224,288.155,332.608,216.226,305.224,80.2456,305.224
7
2.41518e-08,4.52791e-08,4.41303e-08,3.36326e-08,2.61402e-08,8.47111e-08,2.61402e-08
-85.2062,-100.505,-101.242,-98.7824,-92.7934,-105.376,-92.7934
0,3.14159,3.14159,3.14159,3.14159,3.14159,3.14159
90,90,90,90,112.492,90,67.5081
125.071,252.152,26.6101,144.004,125.071,99.4288,125.071
90,90,90,90,112.492,90,67.5081
305.071,287.848,333.39,215.996,305.071,80.5712,305.071
7
2.45352e-08,4.57235e-08,4.43413e-08,3.3909e-08,2.64948e-08,8.42508e-08,2.64948e-08
-85.343,-100.59,-101.283,-98.8535,-92.9104,-105.329,-92.9104
0,3.14159,3.14159,3.14159,3.14159,3.14159,3.14159
90,90,90,90,112.175,90,67.8253
124.445,252.331,27.1492,143.366,124.445,99.4808,124.445
90,90,90,90,112.175,90,67.8253
304.445,287.669,332.851,216.634,304.445,80.5192,304.445
7
2.39196e-08,4.51557e-08,4.44956e-08,3.33033e-08,2.59258e-08,8.46452e-08,2.59258e-08
-85.1223,-100.481,-101.314,-98.697,-92.7219,-105.369,-92.7219
0,3.14159,3.14159,3.14159,3.14159,3.14159,3.14159
90,90,90,90,112.688,90,67.3118
124.271,252.645,26.3747,143.592,124.271,99.1563,124.271
90,90,90,90,112.688,90,67.3118
304.271,287.355,333.625,216.408,304.271,80.8437,304.271
7
2.43066e-08,4.56013e-08,4.47048e-08,3.35823e-08,2.62833e-08,8.41845e-08,2.62833e-08
-85.2617,-100.567,-101.354,-98.7694,-92.8408,-105.322,-92.8408
0,3.14159,3.14159,3.14159,3.14159,3.14159,3.14159
90,90,90,90,112.363,90,67.6372
123.652,252.82,26.9105,142.951,123.652,99.2068,123.652
90,90,90,90,112.363,90,67.6372
303.652,287.18,333.089,217.049,303.652,80.7932,303.652
7
2.36921e-08,4.50356e-08,4.48616e-08,3.29757e-08,2.57161e-08,8.45812e-08,2.57161e-08
-85.0393,-100.458,-101.385,-98.6111,-92.6513,-105.363,-92.6513
0,3.14159,3.14159,3.14159,3.14159,3.14159,3.14159
90,90,90,90,112.884,90,67.1163
123.456,253.141,26.1431,143.171,123.456,98.8833,123.456
90,90,90,90,112.884,90,67.1163
303.456,286.859,333.857,216.829,303.456,81.1167,303.456
7
2.40828e-08,4.54824e-08,4.50692e-08,3.32575e-08,2.60765e-08,8.41202e-08,2.60765e-08
-85.1814,-100.544,-101.425,-98.685,-92.7722,-105.315,-92.7722
0,3.14159,3.14159,3.14159,3.14159,3.14159,3.14159
90,90,90,90,112.55,90,67.4501
122.843,253.311,26.6757,142.527,122.843,98.9324,122.843
90,90,90,90,112.55,90,67.4501
302.843,286.689,333.324,217.473,302.843,81.0676,302.843
7
2.34696e-08,4.49189e-08,4.52284e-08,3.26499e-08,2.55112e-08,8.45192e-08,2.55112e-08
-84.9573,-100.436,-101.455,-98.5249,-92.5818,-105.356,-92.5818
0,3.14159,3.14159,3.14159,3.14159,3.14159,3.14159
90,90,90,90,113.078,90,66.9219
122.624,253.639,25.9153,142.741,122.624,98.6099,122.624
90,90,90,90,113.078,90,66.9219
302.624,286.361,334.085,217.259,302.624,81.3901,302.624
7
2.38639e-08,4.53669e-08,4.54343e-08,3.29345e-08,2.58745e-08,8.40578e-08,2.58745e-08
-85.1021,-100.522,-101.495,-98.6002,-92.7046,-105.309,-92.7046
0,3.14159,3.14159,3.14159,3.14159,3.14159,3.14159
90,90,90,90,112.736,90,67.2643
122.02,253.805,26.4446,142.095,122.02,98.6575,122.02
90,90,90,90,112.736,90,67.2643
302.02,286.195,333.555,217.905,302.02,81.3425,302.02
7
2.32521e-08,4.48057e-08,4.55958e-08,3.23259e-08,2.53112e-08,8.4459e-08,2.53112e-08
-84.8765,-100.414,-101.526,-98.4382,-92.5135,-105.35,-92.5135
0,3.14159,3.14159,3.14159,3.14159,3.14159,3.14159
90,90,90,90,113.271,90,66.7289
121.777,254.14,25.6911,142.303,121.777,98.3361,121.777
90,90,90,90,113.271,90,66.7289
301.777,285.86,334.309,217.697,301.777,81.6639,301.777
7
2.36501e-08,4.52547e-08,4.58001e-08,3.26134e-08,2.56773e-08,8.39973e-08,2.56773e-08
-85.0239,-100.501,-101.565,-98.5151,-92.6382,-105.303,-92.6382
0,3.14159,3.14159,3.14159,3.14159,3.14159,3.14159
90,90,90,90,112.92,90,67.0798
121.182,254.301,26.2172,141.655,121.182,98.3823,121.182
90,90,90,90,112.92,90,67.0798
301.182,285.699,333.783,218.345,301.182,81.6177,301.182
7
2.30397e-08,4.46958e-08,4.5964e-08,3.2004e-08,2.51163e-08,8.44008e-08,2.51163e-08
-84.7968,-100.393,-101.596,-98.3513,-92.4463,-105.344,-92.4463
0,3.14159,3.14159,3.14159,3.14159,3.14159,3.14159
90,90,90,90,113.462,90,66.5376
120.914,254.643,25.4705,141.857,120.914,98.062,120.914
90,90,90,90,113.462,90,66.5376
300.914,285.357,334.529,218.143,300.914,81.938,300.914
7
2.34413e-08,4.5146e-08,4.61666e-08,3.22943e-08,2.54852e-08,8.39388e-08,2.54852e-08
-84.9469,-100.48,-101.634,-98.4297,-92.573,-105.296,-92.573
0,3.14159,3.14159,3.14159,3.14159,3.14159,3.14159
90,90,90,90,113.103,90,66.8971
120.328,254.8,25.9934,141.205,120.328,98.1067,120.328
90,90,90,90,113.103,90,66.8971
300.328,285.2,334.007,218.795,300.328,81.8933,300.328
7
2.28327e-08,4.45895e-08,4.63328e-08,3.1684e-08,2.49266e-08,8.43445e-08,2.49266e-08
-84.7184,-100.372,-101.665,-98.264,-92.3805,-105.338,-92.3805
0,3.14159,3.14159,3.14159,3.14159,3.14159,3.14159
90,90,90,90,113.652,90,66.3481
120.035,255.149,25.2535,141.401,120.035,97.7875,120.035
90,90,90,90,113.652,90,66.3481
300.035,284.851,334.747,218.599,300.035,82.2125,300.035
7
2.32379e-08,4.50407e-08,4.65338e-08,3.19772e-08,2.52982e-08,8.38822e-08,2.52982e-08
-84.8712,-100.459,-101.703,-98.344,-92.509,-105.291,-92.509
0,3.14159,3.14159,3.14159,3.14159,3.14159,3.14159
90,90,90,90,113.284,90,66.7163
119.459,255.301,25.7732,140.747,119.459,97.8306,119.459
90,90,90,90,113.284,90,66.7163
299.459,284.699,334.227,219.253,299.459,82.1694,299.459
7
2.26312e-08,4.44866e-08,4.67023e-08,3.1366e-08,2.47421e-08,8.42902e-08,2.47421e-08
-84.6414,-100.352,-101.734,-98.1764,-92.3159,-105.333,-92.3159
0,3.14159,3.14159,3.14159,3.14159,3.14159,3.14159
90,90,90,90,113.839,90,66.1609
119.141,255.657,25.0398,140.936,119.141,97.5126,119.141
90,90,90,90,113.839,90,66.1609
299.141,284.343,334.96,219.064,299.141,82.4874,299.141
7
2.30399e-08,4.49389e-08,4.69017e-08,3.16622e-08,2.51165e-08,8.38276e-08,2.51165e-08
-84.7968,-100.44,-101.771,-98.258,-92.4464,-105.285,-92.4464
0,3.14159,3.14159,3.14159,3.14159,3.14159,3.14159
90,90,90,90,113.462,90,66.5377
118.576,255.805,25.5563,140.28,118.576,97.5543,118.576
90,90,90,90,113.462,90,66.5377
298.576,284.195,334.444,219.72,298.576,82.4457,298.576
7
2.24353e-08,4.43873e-08,4.70724e-08,3.10502e-08,2.4563e-08,8.42378e-08,2.4563e-08
-84.5658,-100.332,-101.803,-98.0885,-92.2528,-105.327,-92.2528
0,3.14159,3.14159,3.14159,3.14159,3.14159,3.14159
90,90,90,90,114.024,90,65.9762
118.23,256.168,24.8296,140.461,118.23,97.2373,118.23
90,90,90,90,114.024,90,65.9762
298.23,283.832,335.17,219.539,298.23,82.7627,298.23
7
2.28475e-08,4.48405e-08,4.72703e-08,3.13493e-08,2.49401e-08,8.37749e-08,2.49401e-08
-84.724,-100.421,-101.839,-98.1718,-92.3852,-105.279,-92.3852
0,3.14159,3.14159,3.14159,3.14159,3.14159,3.14159
90,90,90,90,113.638,90,66.3617
117.677,256.31,25.3429,139.803,117.677,97.2775,117.677
90,90,90,90,113.638,90,66.3617
297.677,283.69,334.657,220.197,297.677,82.7225,297.677
7
2.22451e-08,4.42915e-08,4.74432e-08,3.07365e-08,2.43894e-08,8.41874e-08,2.43894e-08
-84.4919,-100.314,-101.871,-98.0003,-92.1913,-105.322,-92.1913
0,3.14159,3.14159,3.14159,3.14159,3.14159,3.14159
90,90,90,90,114.206,90,65.7943
117.304,256.68,24.6226,139.977,117.304,96.9618,117.304
90,90,90,90,114.206,90,65.7943
297.304,283.32,335.377,220.023,297.304,83.0382,297.304
7
2.26608e-08,4.47457e-08,4.76395e-08,3.10386e-08,2.47692e-08,8.37241e-08,2.47692e-08
-84.6527,-100.402,-101.907,-98.0853,-92.3254,-105.274,-92.3254
0,3.14159,3.14159,3.14159,3.14159,3.14159,3.14159
90,90,90,90,113.811,90,66.1886
116.763,256.818,25.1328,139.317,116.763,97.0005,116.763
90,90,90,90,113.811,90,66.1886
296.763,283.182,334.867,220.683,296.763,82.9995,296.763
7
2.20609e-08,4.41992e-08,4.78145e-08,3.0425e-08,2.42215e-08,8.41389e-08,2.42215e-08
-84.4197,-100.296,-101.938,-97.9118,-92.1312,-105.317,-92.1312
0,3.14159,3.14159,3.14159,3.14159,3.14159,3.14159
90,90,90,90,114.384,90,65.6156
116.362,257.195,24.4188,139.482,116.362,96.6859,116.362
90,90,90,90,114.384,90,65.6156
296.362,282.805,335.581,220.518,296.362,83.3141,296.362
7
2.24799e-08,4.46544e-08,4.80093e-08,3.07303e-08,2.46038e-08,8.36754e-08,2.46038e-08
-84.5831,-100.385,-101.974,-97.9986,-92.2673,-105.269,-92.2673
0,3.14159,3.14159,3.14159,3.14159,3.14159,3.14159
90,90,90,90,113.981,90,66.0185
115.834,257.328,24.9259,138.821,115.834,96.7231,115.834
90,90,90,90,113.981,90,66.0185
295.834,282.672,335.074,221.179,295.834,83.2769,295.834
7
2.18827e-08,4.41105e-08,4.81865e-08,3.01159e-08,2.40593e-08,8.40923e-08,2.40593e-08
-84.3492,-100.278,-102.006,-97.8231,-92.0729,-105.312,-92.0729
0,3.14159,3.14159,3.14159,3.14159,3.14159,3.14159
90,90,90,90,114.56,90,65.4404
115.404,257.712,24.2182,138.978,115.404,96.4096,115.404
90,90,90,90,114.56,90,65.4404
295.404,282.288,335.782,221.022,295.404,83.5904,295.404
7
2.23051e-08,4.45666e-08,4.83798e-08,3.04243e-08,2.44442e-08,8.36286e-08,2.44442e-08
-84.5153,-100.367,-102.04,-97.9116,-92.2107,-105.264,-92.2107
0,3.14159,3.14159,3.14159,3.14159,3.14159,3.14159
90,90,90,90,114.148,90,65.852
114.89,257.84,24.7222,138.315,114.89,96.4453,114.89
90,90,90,90,114.148,90,65.852
294.89,282.16,335.278,221.685,294.89,83.5547,294.89
7
2.17107e-08,4.40255e-08,4.8559e-08,2.98092e-08,2.3903e-08,8.40477e-08,2.3903e-08
-84.2807,-100.261,-102.073,-97.7342,-92.0163,-105.308,-92.0163
0,3.14159,3.14159,3.14159,3.14159,3.14159,3.14159
90,90,90,90,114.731,90,65.2691
114.431,258.231,24.0206,138.463,114.431,96.1331,114.431
90,90,90,90,114.731,90,65.2691
294.431,281.769,335.979,221.537,294.431,83.8669,294.431
7
2.21364e-08,4.44824e-08,4.87508e-08,3.01207e-08,2.42903e-08,8.35837e-08,2.42903e-08
-84.4494,-100.351,-102.107,-97.8245,-92.1559,-105.26,-92.1559
0,3.14159,3.14159,3.14159,3.14159,3.14159,3.14159
90,90,90,90,114.311,90,65.6892
113.932,258.354,24.5216,137.798,113.932,96.1673,113.932
90,90,90,90,114.311,90,65.6892
293.932,281.646,335.478,222.202,293.932,83.8327,293.932
7
2.15451e-08,4.3944e-08,4.89321e-08,2.95049e-08,2.37527e-08,8.40051e-08,2.37527e-08
-84.2142,-100.245,-102.139,-97.6451,-91.9615,-105.303,-91.9615
0,3.14159,3.14159,3.14159,3.14159,3.14159,3.14159
90,90,90,90,114.898,90,65.102
113.443,258.752,23.826,137.937,113.443,95.8563,113.443
90,90,90,90,114.898,90,65.102
293.443,281.248,336.174,222.063,293.443,84.1437,293.443
7
2.1974e-08,4.44018e-08,4.91225e-08,2.98196e-08,2.41424e-08,8.35409e-08,2.41424e-08
-84.3854,-100.335,-102.173,-97.7372,-92.1028,-105.255,-92.1028
0,3.14159,3.14159,3.14159,3.14159,3.14159,3.14159
90,90,90,90,114.469,90,65.5305
112.959,258.87,24.324,137.271,112.959,95.889,112.959
90,90,90,90,114.469,90,65.5305
292.959,281.13,335.676,222.729,292.959,84.111,292.959
7
2.1386e-08,4.38663e-08,4.93057e-08,2.92032e-08,2.36085e-08,8.39644e-08,2.36085e-08
-84.1498,-100.23,-102.205,-97.5558,-91.9086,-105.299,-91.9086
0,3.14159,3.14159,3.14159,3.14159,3.14159,3.14159
90,90,90,90,115.061,90,64.9394
112.44,259.275,23.6344,137.401,112.44,95.5793,112.44
90,90,90,90,115.061,90,64.9394
292.44,280.725,336.366,222.599,292.44,84.4207,292.44
7
2.1818e-08,4.43249e-08,4.94947e-08,2.9521e-08,2.40006e-08,8.35e-08,2.40006e-08
-84.3235,-100.32,-102.238,-97.6499,-92.0516,-105.251,-92.0516
0,3.14159,3.14159,3.14159,3.14159,3.14159,3.14159
90,90,90,90,114.624,90,65.3763
111.972,259.387,24.1294,136.734,111.972,95.6104,111.972
90,90,90,90,114.624,90,65.3763
291.972,280.613,335.871,223.266,291.972,84.3896,291.972
7
2.12335e-08,4.37921e-08,4.96799e-08,2.8904e-08,2.34705e-08,8.39257e-08,2.34705e-08
-84.0877,-100.215,-102.271,-97.4664,-91.8577,-105.295,-91.8577
0,3.14159,3.14159,3.14159,3.14159,3.14159,3.14159
90,90,90,90,115.218,90,64.7818
111.422,259.8,23.4457,136.853,111.422,95.3019,111.422
90,90,90,90,115.218,90,64.7818
291.422,280.2,336.554,223.147,291.422,84.6981,291.422
7
2.16686e-08,4.42515e-08,4.98675e-08,2.92252e-08,2.38648e-08,8.34611e-08,2.38648e-08
-84.2639,-100.306,-102.304,-97.5624,-92.0024,-105.247,-92.0024
0,3.14159,3.14159,3.14159,3.14159,3.14159,3.14159
90,90,90,90,114.773,90,65.2268
110.971,259.907,23.9376,136.185,110.971,95.3315,110.971
90,90,90,90,114.773,90,65.2268
290.971,280.093,336.062,223.815,290.971,84.6685,290.971
7
2.10879e-08,4.37217e-08,5.00547e-08,2.86076e-08,2.33388e-08,8.3889e-08,2.33388e-08
-84.0279,-100.201,-102.336,-97.3769,-91.8088,-105.291,-91.8088
0,3.14159,3.14159,3.14159,3.14159,3.14159,3.14159
90,90,90,90,115.371,90,64.6294
110.389,260.326,23.2598,136.294,110.389,95.0244,110.389
90,90,90,90,115.371,90,64.6294
290.389,279.674,336.74,223.706,290.389,84.9756,290.389
7
2.15259e-08,4.41818e-08,5.02408e-08,2.8932e-08,2.37353e-08,8.34241e-08,2.37353e-08
-84.2065,-100.292,-102.368,-97.4748,-91.9551,-105.243,-91.9551
0,3.14159,3.14159,3.14159,3.14159,3.14159,3.14159
90,90,90,90,114.918,90,65.0825
109.956,260.428,23.7488,135.626,109.956,95.0524,109.956
90,90,90,90,114.918,90,65.0825
289.956,279.572,336.251,224.374,289.956,84.9476,289.956
7
2.09492e-08,4.3655e-08,5.04299e-08,2.83139e-08,2.32135e-08,8.38542e-08,2.32135e-08
-83.9706,-100.188,-102.401,-97.2872,-91.762,-105.288,-91.762
0,3.14159,3.14159,3.14159,3.14159,3.14159,3.14159
90,90,90,90,115.517,90,64.4827
109.343,260.854,23.0767,135.723,109.343,94.7465,109.343
90,90,90,90,115.517,90,64.4827
289.343,279.146,336.923,224.277,289.343,85.2535,289.343
7
2.13901e-08,4.41158e-08,5.06146e-08,2.86417e-08,2.36122e-08,8.33892e-08,2.36122e-08
-84.1515,-100.279,-102.433,-97.3872,-91.9099,-105.239,-91.9099
0,3.14159,3.14159,3.14159,3.14159,3.14159,3.14159
90,90,90,90,115.056,90,64.9436
108.929,260.951,23.5627,135.055,108.929,94.7731,108.929
90,90,90,90,115.056,90,64.9436
288.929,279.049,336.437,224.945,288.929,85.2269,288.929
7
2.08175e-08,4.3592e-08,5.08057e-08,2.80232e-08,2.30948e-08,8.38215e-08,2.30948e-08
-83.9158,-100.175,-102.465,-97.1976,-91.7175,-105.284,-91.7175
0,3.14159,3.14159,3.14159,3.14159,3.14159,3.14159
90,90,90,90,115.658,90,64.342
108.283,261.384,22.8963,135.141,108.283,94.4685,108.283
90,90,90,90,115.658,90,64.342
288.283,278.616,337.104,224.859,288.283,85.5315,288.283
7
2.12612e-08,4.40534e-08,5.0989e-08,2.83543e-08,2.34955e-08,8.33562e-08,2.34955e-08
-84.099,-100.267,-102.497,-97.2996,-91.8669,-105.236,-91.8669
0,3.14159,3.14159,3.14159,3.14159,3.14159,3.14159
90,90,90,90,115.19,90,64.8105
107.888,261.475,23.3794,134.472,107.888,94.4935,107.888
90,90,90,90,115.19,90,64.8105
287.888,278.525,336.621,225.528,287.888,85.5065,287.888
7
2.06931e-08,4.35327e-08,5.11819e-08,2.77353e-08,2.29827e-08,8.37906e-08,2.29827e-08
-83.8637,-100.164,-102.53,-97.1079,-91.6753,-105.281,-91.6753
0,3.14159,3.14159,3.14159,3.14159,3.14159,3.14159
90,90,90,90,115.792,90,64.2077
107.21,261.915,22.7185,134.546,107.21,94.1902,107.21
90,90,90,90,115.792,90,64.2077
287.21,278.085,337.281,225.454,287.21,85.8098,287.21
7
2.11394e-08,4.39948e-08,5.1364e-08,2.80698e-08,2.33853e-08,8.33252e-08,2.33853e-08
-84.0491,-100.255,-102.56,-97.212,-91.8261,-105.233,-91.8261
0,3.14159,3.14159,3.14159,3.14159,3.14159,3.14159
90,90,90,90,115.317,90,64.6834
106.835,262.001,23.1987,133.878,106.835,94.2137,106.835
90,90,90,90,115.317,90,64.6834
286.835,277.999,336.801,226.122,286.835,85.7863,286.835
7
2.05761e-08,4.34772e-08,5.15587e-08,2.74506e-08,2.28774e-08,8.37618e-08,2.28774e-08
-83.8145,-100.152,-102.593,-97.0182,-91.6353,-105.278,-91.6353
0,3.14159,3.14159,3.14159,3.14159,3.14159,3.14159
90,90,90,90,115.92,90,64.0802
106.124,262.448,22.5433,133.939,106.124,93.9118,106.124
90,90,90,90,115.92,90,64.0802
286.124,277.552,337.457,226.061,286.124,86.0882,286.124
7
2.10248e-08,4.39398e-08,5.17394e-08,2.77885e-08,2.32818e-08,8.32962e-08,2.32818e-08
-84.0018,-100.244,-102.624,-97.1245,-91.7875,-105.23,-91.7875
0,3.14159,3.14159,3.14159,3.14159,3.14159,3.14159
90,90,90,90,115.437,90,64.5629
105.771,262.528,23.0206,133.271,105.771,93.9337,105.771
90,90,90,90,115.437,90,64.5629
285.771,277.472,336.979,226.729,285.771,86.0663,285.771
7
2.04665e-08,4.34254e-08,5.19359e-08,2.71689e-08,2.27789e-08,8.3735e-08,2.27789e-08
-83.7681,-100.142,-102.657,-96.9287,-91.5979,-105.275,-91.5979
0,3.14159,3.14159,3.14159,3.14159,3.14159,3.14159
90,90,90,90,116.04,90,63.9597
105.026,262.982,22.3707,133.319,105.026,93.6332,105.026
90,90,90,90,116.04,90,63.9597
285.026,277.018,337.629,226.681,285.026,86.3668,285.026
7
2.09175e-08,4.38886e-08,5.21153e-08,2.75103e-08,2.3185e-08,8.32692e-08,2.3185e-08
-83.9574,-100.234,-102.687,-97.0371,-91.7514,-105.227,-91.7514
0,3.14159,3.14159,3.14159,3.14159,3.14159,3.14159
90,90,90,90,115.551,90,64.449
104.695,263.056,22.8452,132.652,104.695,93.6535,104.695
90,90,90,90,115.551,90,64.449
284.695,276.944,337.155,227.348,284.695,86.3465,284.695
7
2.03645e-08,4.33774e-08,5.23135e-08,2.68905e-08,2.26872e-08,8.37101e-08,2.26872e-08
-83.7247,-100.132,-102.72,-96.8392,-91.5629,-105.273,-91.5629
0,3.14159,3.14159,3.14159,3.14159,3.14159,3.14159
90,90,90,90,116.153,90,63.8466
103.917,263.517,22.2006,132.686,103.917,93.3543,103.917
90,90,90,90,116.153,90,63.8466
283.917,276.483,337.799,227.314,283.917,86.6457,283.917
7
2.08177e-08,4.38411e-08,5.24916e-08,2.72354e-08,2.3095e-08,8.32442e-08,2.3095e-08
-83.9159,-100.225,-102.749,-96.9499,-91.7176,-105.224,-91.7176
0,3.14159,3.14159,3.14159,3.14159,3.14159,3.14159
90,90,90,90,115.658,90,64.3422
103.608,263.585,22.6722,132.021,103.608,93.3731,103.608
90,90,90,90,115.658,90,64.3422
283.608,276.415,337.328,227.979,283.608,86.6269,283.608
7
2.02702e-08,4.33332e-08,5.26917e-08,2.66155e-08,2.26026e-08,8.36872e-08,2.26026e-08
-83.6844,-100.124,-102.782,-96.7499,-91.5304,-105.27,-91.5304
0,3.14159,3.14159,3.14159,3.14159,3.14159,3.14159
90,90,90,90,116.259,90,63.7412
102.797,264.053,22.0329,132.04,102.797,93.0754,102.797
90,90,90,90,116.259,90,63.7412
282.797,275.947,337.967,227.96,282.797,86.9246,282.797
7
2.07255e-08,4.37974e-08,5.28685e-08,2.69639e-08,2.30119e-08,8.32212e-08,2.30119e-08
-83.8773,-100.216,-102.811,-96.8629,-91.6863,-105.222,-91.6863
0,3.14159,3.14159,3.14159,3.14159,3.14159,3.14159
90,90,90,90,115.757,90,64.2428
102.511,264.116,22.5017,131.376,102.511,93.0926,102.511
90,90,90,90,115.757,90,64.2428
282.511,275.884,337.498,228.624,282.511,86.9074,282.511
7
2.01837e-08,4.32928e-08,5.30702e-08,2.63439e-08,2.25251e-08,8.36663e-08,2.25251e-08
-83.6472,-100.116,-102.844,-96.6608,-91.5006,-105.268,-91.5006
0,3.14159,3.14159,3.14159,3.14159,3.14159,3.14159
90,90,90,90,116.356,90,63.6439
101.667,264.59,21.8676,131.381,101.667,92.7963,101.667
90,90,90,90,116.356,90,63.6439
281.667,275.41,338.132,228.619,281.667,87.2037,281.667
7
2.06409e-08,4.37574e-08,5.32458e-08,2.66959e-08,2.29357e-08,8.32002e-08,2.29357e-08
-83.8418,-100.208,-102.873,-96.7761,-91.6575,-105.22,-91.6575
0,3.14159,3.14159,3.14159,3.14159,3.14159,3.14159
90,90,90,90,115.849,90,64.151
101.405,264.648,22.3336,130.719,101.405,92.8119,101.405
90,90,90,90,115.849,90,64.151
281.405,275.352,337.666,229.281,281.405,87.1881,281.405
7
2.01051e-08,4.32563e-08,5.34493e-08,2.60759e-08,2.24547e-08,8.36474e-08,2.24547e-08
-83.6134,-100.108,-102.906,-96.572,-91.4734,-105.266,-91.4734
0,3.14159,3.14159,3.14159,3.14159,3.14159,3.14159
90,90,90,90,116.445,90,63.5549
100.528,265.128,21.7046,130.708,100.528,92.517,100.528
90,90,90,90,116.445,90,63.5549
280.528,274.872,338.295,229.292,280.528,87.483,280.528
7
2.05641e-08,4.37213e-08,5.36236e-08,2.64314e-08,2.28666e-08,8.31812e-08,2.28666e-08
-83.8094,-100.201,-102.934,-96.6896,-91.6313,-105.218,-91.6313
0,3.14159,3.14159,3.14159,3.14159,3.14159,3.14159
90,90,90,90,115.933,90,64.0671
100.29,265.18,22.1679,130.048,100.29,92.5311,100.29
90,90,90,90,115.933,90,64.0671
280.29,274.82,337.832,229.952,280.29,87.4689,280.29
7
2.00346e-08,4.32235e-08,5.38287e-08,2.58115e-08,2.23916e-08,8.36304e-08,2.23916e-08
-83.5828,-100.102,-102.967,-96.4835,-91.4489,-105.265,-91.4489
0,3.14159,3.14159,3.14159,3.14159,3.14159,3.14159
90,90,90,90,116.526,90,63.4745
99.3801,265.667,21.5439,130.021,99.3801,92.2377,99.3801
90,90,90,90,116.526,90,63.4745
279.38,274.333,338.456,229.979,279.38,87.7623,279.38
7
2.04951e-08,4.36889e-08,5.40018e-08,2.61706e-08,2.28046e-08,8.31641e-08,2.28046e-08
-83.7802,-100.195,-102.995,-96.6035,-91.6077,-105.216,-91.6077
0,3.14159,3.14159,3.14159,3.14159,3.14159,3.14159
90,90,90,90,116.009,90,63.9913
99.1675,265.714,22.0045,129.364,99.1675,92.2502,99.1675
90,90,90,90,116.009,90,63.9913
279.167,274.286,337.996,230.636,279.167,87.7498,279.167
7
1.99721e-08,4.31946e-08,5.42086e-08,2.5551e-08,2.23357e-08,8.36155e-08,2.23357e-08
-83.5557,-100.096,-103.029,-96.3954,-91.4272,-105.263,-91.4272
0,3.14159,3.14159,3.14159,3.14159,3.14159,3.14159
90,90,90,90,116.597,90,63.4029
98.2248,266.207,21.3855,129.32,98.2248,91.9582,98.2248
90,90,90,90,116.597,90,63.4029
278.225,273.793,338.615,230.68,278.225,88.0418,278.225
7
2.04341e-08,4.36603e-08,5.43805e-08,2.59137e-08,2.27497e-08,8.31491e-08,2.27497e-08
-83.7543,-100.189,-103.056,-96.5178,-91.5868,-105.214,-91.5868
0,3.14159,3.14159,3.14159,3.14159,3.14159,3.14159
90,90,90,90,116.076,90,63.9239
98.0376,266.248,21.8433,128.666,98.0376,91.9692,98.0376
90,90,90,90,116.076,90,63.9239
278.038,273.752,338.157,231.334,278.038,88.0308,278.038
7
1.99178e-08,4.31695e-08,5.45888e-08,2.52943e-08,2.22872e-08,8.36025e-08,2.22872e-08
-83.532,-100.091,-103.089,-96.3077,-91.4083,-105.262,-91.4083
0,3.14159,3.14159,3.14159,3.14159,3.14159,3.14159
90,90,90,90,116.66,90,63.3404
97.0626,266.748,21.2293,128.605,97.0626,91.6786,97.0626
90,90,90,90,116.66,90,63.3404
277.063,273.252,338.771,231.395,277.063,88.3214,277.063
7
2.0381e-08,4.36354e-08,5.47595e-08,2.56607e-08,2.27021e-08,8.31361e-08,2.27021e-08
-83.7317,-100.184,-103.116,-96.4326,-91.5685,-105.213,-91.5685
0,3.14159,3.14159,3.14159,3.14159,3.14159,3.14159
90,90,90,90,116.135,90,63.865
96.9013,266.783,21.6844,127.955,96.9013,91.688,96.9013
90,90,90,90,116.135,90,63.865
276.901,273.217,338.316,232.045,276.901,88.312,276.901
7
1.98717e-08,4.31483e-08,5.49695e-08,2.50417e-08,2.2246e-08,8.35916e-08,2.2246e-08
-83.5119,-100.086,-103.15,-96.2205,-91.3923,-105.26,-91.3923
0,3.14159,3.14159,3.14159,3.14159,3.14159,3.14159
90,90,90,90,116.713,90,63.2872
95.8946,267.289,21.0752,127.875,95.8946,91.399,95.8946
90,90,90,90,116.713,90,63.2872
275.895,272.711,338.925,232.125,275.895,88.601,275.895
7
2.0336e-08,4.36144e-08,5.5139e-08,2.54117e-08,2.26617e-08,8.31251e-08,2.26617e-08
-83.7125,-100.18,-103.176,-96.3479,-91.5531,-105.212,-91.5531
0,3.14159,3.14159,3.14159,3.14159,3.14159,3.14159
90,90,90,90,116.185,90,63.8149
95.7596,267.318,21.5277,127.229,95.7596,91.4068,95.7596
90,90,90,90,116.185,90,63.8149
275.76,272.682,338.472,232.771,275.76,88.5932,275.76
7
1.9834e-08,4.31309e-08,5.53505e-08,2.47932e-08,2.22123e-08,8.35826e-08,2.22123e-08
-83.4954,-100.083,-103.21,-96.1339,-91.3791,-105.26,-91.3791
0,3.14159,3.14159,3.14159,3.14159,3.14159,3.14159
90,90,90,90,116.757,90,63.2434
94.7217,267.831,20.9233,127.131,94.7217,91.1193,94.7217
90,90,90,90,116.757,90,63.2434
274.722,272.169,339.077,232.869,274.722,88.8807,274.722
7
2.02991e-08,4.35972e-08,5.55189e-08,2.51668e-08,2.26286e-08,8.3116e-08,2.26286e-08
-83.6968,-100.176,-103.236,-96.2638,-91.5404,-105.211,-91.5404
0,3.14159,3.14159,3.14159,3.14159,3.14159,3.14159
90,90,90,90,116.226,90,63.7736
94.6133,267.854,21.3732,126.489,94.6133,91.1255,94.6133
90,90,90,90,116.226,90,63.7736
274.613,272.146,338.627,233.511,274.613,88.8745,274.613
7
1.98046e-08,4.31174e-08,5.5732e-08,2.4549e-08,2.2186e-08,8.35756e-08,2.2186e-08
-83.4825,-100.08,-103.269,-96.0479,-91.3688,-105.259,-91.3688
0,3.14159,3.14159,3.14159,3.14159,3.14159,3.14159
90,90,90,90,116.791,90,63.2092
93.5448,268.373,20.7734,126.371,93.5448,90.8395,93.5448
90,90,90,90,116.791,90,63.2092
273.545,271.627,339.227,233.629,273.545,89.1605,273.545
7
2.02704e-08,4.35839e-08,5.58992e-08,2.49263e-08,2.26028e-08,8.3109e-08,2.26028e-08
-83.6844,-100.174,-103.295,-96.1804,-91.5305,-105.21,-91.5305
0,3.14159,3.14159,3.14159,3.14159,3.14159,3.14159
90,90,90,90,116.259,90,63.7414
93.4632,268.39,21.2207,125.735,93.4632,90.8442,93.4632
90,90,90,90,116.259,90,63.7414
273.463,271.61,338.779,234.265,273.463,89.1558,273.463
7
1.97835e-08,4.31077e-08,5.61138e-08,2.43091e-08,2.21673e-08,8.35707e-08,2.21673e-08
-83.4733,-100.078,-103.329,-95.9626,-91.3615,-105.258,-91.3615
0,3.14159,3.14159,3.14159,3.14159,3.14159,3.14159
90,90,90,90,116.815,90,63.1847
92.3649,268.915,20.6256,125.596,92.3649,90.5597,92.3649
90,90,90,90,116.815,90,63.1847
272.365,271.085,339.374,234.404,272.365,89.4403,272.365
7
2.02498e-08,4.35743e-08,5.62799e-08,2.46901e-08,2.25844e-08,8.3104e-08,2.25844e-08
-83.6756,-100.172,-103.354,-96.0977,-91.5234,-105.21,-91.5234
0,3.14159,3.14159,3.14159,3.14159,3.14159,3.14159
90,90,90,90,116.282,90,63.7184
92.3104,268.927,21.0703,124.966,92.3104,90.5628,92.3104
90,90,90,90,116.282,90,63.7184
272.31,271.073,338.93,235.034,272.31,89.4372,272.31
7
1.97709e-08,4.31019e-08,5.6496e-08,2.40738e-08,2.2156e-08,8.35677e-08,2.2156e-08
-83.4677,-100.077,-103.388,-95.8781,-91.357,-105.258,-91.357
0,3.14159,3.14159,3.14159,3.14159,3.14159,3.14159
90,90,90,90,116.83,90,63.17
91.1829,269.457,20.4798,124.806,91.1829,90.2798,91.1829
90,90,90,90,116.83,90,63.17
271.183,270.543,339.52,235.194,271.183,89.7202,271.183
7
2.02374e-08,4.35686e-08,5.66609e-08,2.44585e-08,2.25733e-08,8.3101e-08,2.25733e-08
-83.6703,-100.171,-103.413,-96.0158,-91.5191,-105.209,-91.5191
0,3.14159,3.14159,3.14159,3.14159,3.14159,3.14159
90,90,90,90,116.296,90,63.7045
91.1557,269.463,20.9219,124.182,91.1557,90.2814,91.1557
90,90,90,90,116.296,90,63.7045
271.156,270.537,339.078,235.818,271.156,89.7186,271.156
7
1.97667e-08,4.31e-08,5.68785e-08,2.38432e-08,2.21522e-08,8.35667e-08,2.21522e-08
-83.4659,-100.077,-103.446,-95.7945,-91.3556,-105.258,-91.3556
0,3.14159,3.14159,3.14159,3.14159,3.14159,3.14159
90,90,90,90,116.835,90,63.1651
90,270,20.336,124.001,90,90,90
90,90,90,90,116.835,90,63.1651
270,270,339.664,235.999,270,90,270
7
2.02333e-08,4.35667e-08,5.70424e-08,2.42315e-08,2.25696e-08,8.31e-08,2.25696e-08
-83.6686,-100.17,-103.471,-95.9348,-91.5177,-105.209,-91.5177
0,3.14159,3.14159,3.14159,3.14159,3.14159,3.14159
90,90,90,90,116.3,90,63.6999
90,270,20.7755,123.384,90,90,90
90,90,90,90,116.3,90,63.6999
270,270,339.225,236.616,270,90,270
